Node ID	Battery Consumption (%)	TotalNumber of Transactions
28	0.00002361	17	
2	0.00002361	17	
23	0.00002361	17	
12	0.00002361	17	
17	0.00002361	17	
1	0.00002361	17	
47	0.00012361	89	
41	0.00012361	89	
25	0.00012361	89	
4	0.00012361	89	
44	0.00011528	83	
41	0.00011528	83	
32	0.00011528	83	
3	0.00000833	6	
4	0.00000833	6	
Node ID	Battery Consumption (%)	TotalNumber of Transactions
28	0.00001528	11	
2	0.00001528	11	
23	0.00001528	11	
12	0.00001528	11	
17	0.00001528	11	
1	0.00011250	81	
47	0.00011250	81	
41	0.00011250	81	
25	0.00011250	81	
4	0.00000556	4	
44	0.00003611	26	
41	0.00003611	26	
32	0.00003611	26	
3	0.00006667	48	
4	0.00002917	21	
15	0.00002917	21	
4	0.00005833	42	
Node ID	Battery Consumption (%)	TotalNumber of Transactions
28	0.00011250	81	
2	0.00011250	81	
23	0.00007361	53	
12	0.00007361	53	
17	0.00007361	53	
1	0.00007361	53	
47	0.00007361	53	
41	0.00010417	75	
25	0.00010417	75	
4	0.00010417	75	
44	0.00006667	48	
41	0.00002778	20	
32	0.00002778	20	
3	0.00005833	42	
4	0.00005833	42	
15	0.00005833	42	
4	0.00008750	63	
23	0.00008750	63	
46	0.00011944	86	
1	0.00011944	86	
17	0.00011944	86	
22	0.00011944	86	
17	0.00011944	86	
2	0.00001111	8	
17	0.00001111	8	
20	0.00001111	8	
33	0.00004306	31	
22	0.00004306	31	
8	0.00004306	31	
16	0.00004306	31	
41	0.00007222	52	
12	0.00007222	52	
30	0.00007222	52	
32	0.00007222	52	
15	0.00010278	74	
20	0.00010278	74	
25	0.00010278	74	
4	0.00010278	74	
4	0.00010278	74	
39	0.00010278	74	
6	0.00006389	46	
33	0.00006389	46	
21	0.00006389	46	
44	0.00009583	69	
29	0.00009583	69	
3	0.00009583	69	
Node ID	Battery Consumption (%)	TotalNumber of Transactions
28	0.00006806	49	
2	0.00006806	49	
23	0.00009861	71	
12	0.00009861	71	
17	0.00009861	71	
1	0.00009861	71	
47	0.00009861	71	
41	0.00012917	93	
25	0.00012917	93	
4	0.00012917	93	
44	0.00002222	16	
41	0.00005139	37	
32	0.00005139	37	
3	0.00008333	60	
4	0.00008333	60	
15	0.00011389	82	
4	0.00011389	82	
23	0.00011389	82	
46	0.00007500	54	
1	0.00007500	54	
17	0.00007500	54	
22	0.00007500	54	
17	0.00007500	54	
2	0.00003472	25	
17	0.00003472	25	
20	0.00003472	25	
33	0.00006667	48	
22	0.00006667	48	
8	0.00006667	48	
16	0.00006667	48	
41	0.00009861	71	
12	0.00009861	71	
30	0.00009861	71	
32	0.00009861	71	
15	0.00005972	43	
20	0.00005972	43	
25	0.00005972	43	
4	0.00005972	43	
4	0.00005972	43	
39	0.00002083	15	
6	0.00002083	15	
33	0.00002083	15	
21	0.00002083	15	
44	0.00012083	87	
29	0.00012083	87	
3	0.00012083	87	
26	0.00012083	87	
47	0.00001250	9	
30	0.00001250	9	
40	0.00011250	81	
42	0.00011250	81	
47	0.00011250	81	
45	0.00011250	81	
10	0.00000556	4	
8	0.00000556	4	
22	0.00000556	4	
4	0.00000556	4	
35	0.00000556	4	
34	0.00000556	4	
37	0.00000556	4	
44	0.00000556	4	
35	0.00000556	4	
17	0.00006528	47	
2	0.00006528	47	
36	0.00006528	47	
41	0.00006528	47	
49	0.00006528	47	
40	0.00006528	47	
31	0.00002778	20	
34	0.00002778	20	
26	0.00002778	20	
30	0.00002778	20	
35	0.00002778	20	
45	0.00012500	90	
3	0.00012500	90	
13	0.00012500	90	
3	0.00012500	90	
40	0.00012500	90	
23	0.00012500	90	
7	0.00012500	90	
29	0.00012500	90	
42	0.00012500	90	
22	0.00012500	90	
33	0.00012500	90	
29	0.00012500	90	
42	0.00012500	90	
23	0.00012500	90	
43	0.00012500	90	
25	0.00012500	90	
4	0.00012500	90	
28	0.00012500	90	
47	0.00001806	13	
20	0.00001806	13	
24	0.00001806	13	
18	0.00001806	13	
1	0.00001806	13	
37	0.00001806	13	
43	0.00011806	85	
29	0.00011806	85	
5	0.00011806	85	
20	0.00011806	85	
14	0.00011806	85	
18	0.00007917	57	
9	0.00010972	79	
12	0.00010972	79	
29	0.00010972	79	
11	0.00010972	79	
28	0.00000278	2	
42	0.00003333	24	
35	0.00003333	24	
44	0.00003333	24	
19	0.00003333	24	
2	0.00006250	45	
29	0.00006250	45	
49	0.00006250	45	
17	0.00006250	45	
14	0.00009444	68	
36	0.00009444	68	
43	0.00009444	68	
14	0.00009444	68	
39	0.00009444	68	
14	0.00009444	68	
17	0.00009444	68	
16	0.00009444	68	
36	0.00009444	68	
8	0.00009444	68	
3	0.00005417	39	
46	0.00001667	12	
5	0.00001667	12	
24	0.00001667	12	
26	0.00004722	34	
14	0.00004722	34	
38	0.00004722	34	
28	0.00007778	56	
23	0.00007778	56	
42	0.00007778	56	
3	0.00006944	50	
1	0.00006944	50	
37	0.00006944	50	
49	0.00010000	72	
43	0.00010000	72	
37	0.00010000	72	
42	0.00012917	93	
49	0.00012917	93	
46	0.00009167	66	
28	0.00009167	66	
32	0.00012222	88	
10	0.00012222	88	
48	0.00012222	88	
13	0.00012222	88	
11	0.00001528	11	
10	0.00011389	82	
44	0.00011389	82	
37	0.00011389	82	
1	0.00011389	82	
37	0.00000694	5	
28	0.00000694	5	
7	0.00000694	5	
41	0.00000694	5	
29	0.00003750	27	
43	0.00003750	27	
33	0.00003750	27	
49	0.00013750	99	
6	0.00013750	99	
31	0.00013750	99	
21	0.00013750	99	
22	0.00013750	99	
4	0.00002917	21	
8	0.00005972	43	
41	0.00005972	43	
1	0.00009028	65	
44	0.00009028	65	
20	0.00009028	65	
38	0.00009028	65	
44	0.00012222	88	
37	0.00012222	88	
41	0.00012222	88	
26	0.00012222	88	
4	0.00012222	88	
35	0.00012222	88	
33	0.00001389	10	
15	0.00001389	10	
7	0.00004444	32	
46	0.00004444	32	
30	0.00004444	32	
Node ID	Battery Consumption (%)	TotalNumber of Transactions
28	0.00003750	27	
2	0.00003750	27	
23	0.00003750	27	
12	0.00003750	27	
17	0.00003750	27	
1	0.00006667	48	
47	0.00006667	48	
41	0.00006667	48	
25	0.00006667	48	
4	0.00009722	70	
44	0.00012917	93	
41	0.00012917	93	
32	0.00002083	15	
3	0.00002083	15	
4	0.00011944	86	
15	0.00011944	86	
4	0.00001250	9	
23	0.00001250	9	
46	0.00001250	9	
1	0.00011250	81	
17	0.00011250	81	
22	0.00011250	81	
17	0.00011250	81	
2	0.00007361	53	
17	0.00007361	53	
20	0.00007361	53	
33	0.00007361	53	
22	0.00007361	53	
8	0.00007361	53	
16	0.00010417	75	
Node ID	Battery Consumption (%)	TotalNumber of Transactions
28	0.00003333	24	
2	0.00003333	24	
23	0.00003333	24	
12	0.00003333	24	
17	0.00003333	24	
1	0.00003333	24	
47	0.00006389	46	
41	0.00006389	46	
25	0.00006389	46	
4	0.00006389	46	
44	0.00012500	90	
41	0.00012500	90	
32	0.00012500	90	
3	0.00001806	13	
4	0.00011667	84	
15	0.00011667	84	
4	0.00011667	84	
23	0.00000972	7	
46	0.00000972	7	
1	0.00000972	7	
17	0.00000972	7	
22	0.00000972	7	
17	0.00003889	28	
2	0.00003889	28	
17	0.00003889	28	
20	0.00000139	1	
33	0.00000139	1	
22	0.00000139	1	
8	0.00000139	1	
16	0.00003194	23	
41	0.00003194	23	
12	0.00003194	23	
30	0.00003194	23	
32	0.00013056	94	
15	0.00013056	94	
20	0.00013056	94	
25	0.00013056	94	
4	0.00013056	94	
4	0.00002361	17	
39	0.00002361	17	
6	0.00005417	39	
33	0.00005417	39	
21	0.00005417	39	
44	0.00005417	39	
29	0.00005417	39	
3	0.00005417	39	
26	0.00001528	11	
47	0.00001528	11	
30	0.00001528	11	
40	0.00004583	33	
42	0.00004583	33	
47	0.00000833	6	
45	0.00000833	6	
10	0.00000833	6	
8	0.00000833	6	
22	0.00000833	6	
4	0.00000833	6	
35	0.00000833	6	
34	0.00003750	27	
37	0.00003750	27	
44	0.00003750	27	
35	0.00003750	27	
17	0.00000000	0	
2	0.00000000	0	
36	0.00000000	0	
41	0.00000000	0	
49	0.00003056	22	
40	0.00003056	22	
31	0.00003056	22	
34	0.00003056	22	
26	0.00003056	22	
30	0.00003056	22	
35	0.00006111	44	
45	0.00006111	44	
3	0.00006111	44	
13	0.00006111	44	
3	0.00006111	44	
40	0.00006111	44	
23	0.00006111	44	
7	0.00006111	44	
29	0.00006111	44	
42	0.00006111	44	
22	0.00006111	44	
33	0.00006111	44	
29	0.00002222	16	
42	0.00002222	16	
23	0.00002222	16	
43	0.00002222	16	
25	0.00002222	16	
4	0.00002222	16	
28	0.00002222	16	
47	0.00002222	16	
20	0.00002222	16	
24	0.00002222	16	
18	0.00002222	16	
1	0.00002222	16	
37	0.00002222	16	
43	0.00012222	88	
29	0.00012222	88	
5	0.00012222	88	
20	0.00008333	60	
14	0.00008333	60	
18	0.00008333	60	
9	0.00004583	33	
12	0.00004583	33	
29	0.00004583	33	
11	0.00004583	33	
28	0.00007500	54	
42	0.00010556	76	
35	0.00010556	76	
44	0.00010556	76	
19	0.00013472	97	
2	0.00013472	97	
29	0.00013472	97	
49	0.00013472	97	
17	0.00009722	70	
14	0.00009722	70	
36	0.00009722	70	
43	0.00009722	70	
14	0.00009722	70	
39	0.00009722	70	
14	0.00009722	70	
17	0.00009722	70	
16	0.00012778	92	
36	0.00012778	92	
8	0.00012778	92	
3	0.00008889	64	
46	0.00008889	64	
5	0.00008889	64	
24	0.00008889	64	
26	0.00011944	86	
14	0.00011944	86	
38	0.00001389	10	
28	0.00001389	10	
23	0.00001389	10	
42	0.00001389	10	
3	0.00000417	3	
1	0.00000417	3	
37	0.00003472	25	
49	0.00003472	25	
43	0.00013333	96	
37	0.00013333	96	
42	0.00013333	96	
49	0.00013333	96	
46	0.00009583	69	
28	0.00012500	90	
32	0.00012500	90	
10	0.00012500	90	
48	0.00012500	90	
13	0.00001806	13	
11	0.00001806	13	
10	0.00004861	35	
44	0.00004861	35	
37	0.00004861	35	
1	0.00004861	35	
37	0.00001111	8	
28	0.00001111	8	
7	0.00001111	8	
41	0.00004167	30	
29	0.00004167	30	
43	0.00004167	30	
Node ID	Battery Consumption (%)	TotalNumber of Transactions
28	0.00000972	7	
2	0.00000972	7	
23	0.00010833	78	
12	0.00010833	78	
17	0.00010833	78	
1	0.00010833	78	
47	0.00010833	78	
41	0.00007083	51	
25	0.00007083	51	
4	0.00007083	51	
44	0.00010139	73	
41	0.00006250	45	
32	0.00006250	45	
3	0.00009306	67	
4	0.00009306	67	
15	0.00005556	40	
4	0.00005556	40	
23	0.00005556	40	
46	0.00001528	11	
1	0.00001528	11	
17	0.00001528	11	
22	0.00001528	11	
17	0.00001528	11	
2	0.00011528	83	
17	0.00011528	83	
20	0.00007500	54	
33	0.00007500	54	
22	0.00007500	54	
8	0.00007500	54	
16	0.00010556	76	
41	0.00010556	76	
12	0.00013611	98	
30	0.00013611	98	
32	0.00013611	98	
15	0.00013611	98	
20	0.00002917	21	
25	0.00002917	21	
4	0.00002917	21	
4	0.00002917	21	
39	0.00002917	21	
6	0.00005833	42	
33	0.00005833	42	
21	0.00005833	42	
44	0.00005833	42	
29	0.00002083	15	
3	0.00002083	15	
26	0.00002083	15	
47	0.00002083	15	
30	0.00002083	15	
40	0.00001250	9	
42	0.00001250	9	
47	0.00001250	9	
Node ID	Battery Consumption (%)	TotalNumber of Transactions
28	0.00009722	70	
2	0.00009722	70	
23	0.00009722	70	
12	0.00009722	70	
17	0.00009722	70	
1	0.00005694	41	
47	0.00005694	41	
41	0.00005694	41	
25	0.00008889	64	
4	0.00008889	64	
44	0.00005000	36	
41	0.00005000	36	
32	0.00008056	58	
3	0.00008056	58	
4	0.00004167	30	
15	0.00004167	30	
4	0.00007222	52	
23	0.00007222	52	
46	0.00007222	52	
1	0.00010278	74	
17	0.00010278	74	
22	0.00010278	74	
17	0.00010278	74	
2	0.00013333	96	
17	0.00013333	96	
20	0.00013333	96	
33	0.00013333	96	
22	0.00013333	96	
8	0.00013333	96	
16	0.00009444	68	
41	0.00009444	68	
12	0.00012639	91	
30	0.00012639	91	
32	0.00012639	91	
15	0.00012639	91	
20	0.00001806	13	
25	0.00001806	13	
4	0.00001806	13	
4	0.00001806	13	
39	0.00001806	13	
6	0.00004861	35	
33	0.00004861	35	
21	0.00004861	35	
44	0.00004861	35	
29	0.00000972	7	
3	0.00000972	7	
26	0.00000972	7	
47	0.00000972	7	
30	0.00000972	7	
40	0.00007083	51	
42	0.00007083	51	
47	0.00007083	51	
45	0.00007083	51	
10	0.00007083	51	
8	0.00007083	51	
22	0.00007083	51	
4	0.00003194	23	
35	0.00003194	23	
34	0.00003194	23	
37	0.00003194	23	
44	0.00003194	23	
35	0.00003194	23	
17	0.00006111	44	
2	0.00006111	44	
36	0.00006111	44	
41	0.00002361	17	
49	0.00002361	17	
40	0.00002361	17	
31	0.00002361	17	
34	0.00002361	17	
Node ID	Battery Consumption (%)	TotalNumber of Transactions
28	0.00009861	71	
2	0.00009861	71	
23	0.00009861	71	
12	0.00009861	71	
17	0.00009861	71	
1	0.00005972	43	
47	0.00005972	43	
41	0.00005972	43	
25	0.00005972	43	
4	0.00002222	16	
44	0.00012083	87	
41	0.00012083	87	
32	0.00008333	60	
3	0.00008333	60	
4	0.00011250	81	
15	0.00011250	81	
4	0.00000556	4	
23	0.00000556	4	
46	0.00000556	4	
1	0.00003611	26	
17	0.00003611	26	
22	0.00003611	26	
17	0.00003611	26	
2	0.00006667	48	
17	0.00006667	48	
20	0.00006667	48	
33	0.00006667	48	
22	0.00006667	48	
8	0.00006667	48	
16	0.00002778	20	
41	0.00002778	20	
12	0.00012778	92	
30	0.00012778	92	
32	0.00012778	92	
15	0.00012778	92	
20	0.00001944	14	
25	0.00001944	14	
4	0.00001944	14	
4	0.00001944	14	
39	0.00001944	14	
6	0.00005000	36	
33	0.00005000	36	
21	0.00005000	36	
44	0.00005000	36	
29	0.00001111	8	
3	0.00001111	8	
26	0.00001111	8	
47	0.00001111	8	
30	0.00001111	8	
40	0.00000417	3	
42	0.00000417	3	
47	0.00000417	3	
45	0.00000417	3	
10	0.00000417	3	
8	0.00000417	3	
22	0.00000417	3	
4	0.00003333	24	
35	0.00003333	24	
34	0.00003333	24	
37	0.00003333	24	
44	0.00003333	24	
35	0.00003333	24	
17	0.00013333	96	
2	0.00013333	96	
36	0.00013333	96	
41	0.00002639	19	
49	0.00002639	19	
40	0.00002639	19	
31	0.00002639	19	
34	0.00002639	19	
26	0.00002639	19	
30	0.00005694	41	
35	0.00005694	41	
45	0.00005694	41	
3	0.00005694	41	
13	0.00005694	41	
3	0.00005694	41	
40	0.00005694	41	
23	0.00005694	41	
7	0.00008611	62	
29	0.00008611	62	
42	0.00008611	62	
22	0.00008611	62	
33	0.00008611	62	
29	0.00008611	62	
42	0.00008611	62	
23	0.00008611	62	
43	0.00008611	62	
25	0.00008611	62	
4	0.00008611	62	
28	0.00008611	62	
47	0.00008611	62	
20	0.00008611	62	
24	0.00008611	62	
18	0.00008611	62	
1	0.00004861	35	
37	0.00004861	35	
43	0.00004861	35	
29	0.00004861	35	
5	0.00004861	35	
20	0.00000972	7	
14	0.00000972	7	
18	0.00010972	79	
Node ID	Battery Consumption (%)	TotalNumber of Transactions
28	0.00004444	32	
2	0.00004444	32	
23	0.00000556	4	
12	0.00000556	4	
17	0.00000556	4	
1	0.00000556	4	
47	0.00000556	4	
41	0.00010556	76	
25	0.00010556	76	
4	0.00010556	76	
44	0.00013611	98	
41	0.00009583	69	
32	0.00009583	69	
3	0.00012778	92	
4	0.00012778	92	
15	0.00012778	92	
4	0.00001944	14	
23	0.00001944	14	
46	0.00005000	36	
1	0.00005000	36	
17	0.00005000	36	
22	0.00005000	36	
17	0.00005000	36	
2	0.00007917	57	
17	0.00007917	57	
20	0.00007917	57	
33	0.00004306	31	
22	0.00004306	31	
8	0.00004306	31	
16	0.00004306	31	
41	0.00007222	52	
12	0.00007222	52	
30	0.00007222	52	
32	0.00007222	52	
15	0.00010278	74	
20	0.00010278	74	
25	0.00010278	74	
4	0.00010278	74	
4	0.00010278	74	
39	0.00006528	47	
6	0.00006528	47	
33	0.00006528	47	
21	0.00006528	47	
44	0.00009444	68	
29	0.00009444	68	
3	0.00009444	68	
26	0.00009444	68	
47	0.00012500	90	
30	0.00012500	90	
40	0.00008750	63	
42	0.00008750	63	
47	0.00008750	63	
45	0.00008750	63	
10	0.00011667	84	
8	0.00011667	84	
22	0.00011667	84	
4	0.00011667	84	
35	0.00011667	84	
34	0.00011667	84	
37	0.00011667	84	
44	0.00011667	84	
35	0.00011667	84	
17	0.00004028	29	
2	0.00004028	29	
36	0.00004028	29	
41	0.00004028	29	
49	0.00004028	29	
40	0.00004028	29	
31	0.00000278	2	
34	0.00000278	2	
26	0.00000278	2	
30	0.00000278	2	
35	0.00000278	2	
45	0.00010139	73	
3	0.00010139	73	
13	0.00010139	73	
3	0.00010139	73	
40	0.00010139	73	
23	0.00010139	73	
7	0.00010139	73	
29	0.00010139	73	
42	0.00010139	73	
Node ID	Battery Consumption (%)	TotalNumber of Transactions
28	0.00012639	91	
2	0.00012639	91	
23	0.00012639	91	
12	0.00012639	91	
17	0.00012639	91	
1	0.00012639	91	
47	0.00001944	14	
41	0.00001944	14	
25	0.00001944	14	
4	0.00001944	14	
44	0.00001111	8	
41	0.00001111	8	
32	0.00001111	8	
Node ID	Battery Consumption (%)	TotalNumber of Transactions
28	0.00006528	47	
2	0.00006528	47	
23	0.00006528	47	
12	0.00006528	47	
17	0.00006528	47	
1	0.00006528	47	
47	0.00009583	69	
41	0.00009583	69	
25	0.00009583	69	
4	0.00009583	69	
44	0.00008750	63	
41	0.00008750	63	
32	0.00008750	63	
3	0.00011944	86	
4	0.00011944	86	
15	0.00001111	8	
4	0.00001111	8	
23	0.00001111	8	
46	0.00011111	80	
1	0.00011111	80	
17	0.00011111	80	
22	0.00011111	80	
17	0.00000278	2	
2	0.00000278	2	
17	0.00000278	2	
20	0.00003333	24	
33	0.00003333	24	
22	0.00003333	24	
8	0.00003333	24	
16	0.00006389	46	
41	0.00006389	46	
12	0.00006389	46	
30	0.00006389	46	
32	0.00009444	68	
15	0.00009444	68	
20	0.00009444	68	
25	0.00009444	68	
4	0.00009444	68	
4	0.00009444	68	
39	0.00005694	41	
6	0.00005694	41	
33	0.00001806	13	
21	0.00001806	13	
44	0.00001806	13	
29	0.00001806	13	
3	0.00001806	13	
26	0.00004861	35	
47	0.00004861	35	
30	0.00004861	35	
40	0.00000972	7	
42	0.00000972	7	
47	0.00010833	78	
45	0.00010833	78	
10	0.00010833	78	
8	0.00010833	78	
22	0.00010833	78	
4	0.00010833	78	
35	0.00010833	78	
34	0.00000139	1	
37	0.00000139	1	
44	0.00000139	1	
35	0.00000139	1	
17	0.00003194	23	
2	0.00003194	23	
36	0.00003194	23	
41	0.00003194	23	
49	0.00013194	95	
40	0.00013194	95	
31	0.00013194	95	
34	0.00013194	95	
26	0.00013194	95	
30	0.00013194	95	
35	0.00002500	18	
45	0.00002500	18	
3	0.00002500	18	
13	0.00002500	18	
3	0.00002500	18	
40	0.00002500	18	
23	0.00002500	18	
7	0.00002500	18	
29	0.00002500	18	
42	0.00002500	18	
22	0.00002500	18	
33	0.00002500	18	
29	0.00002500	18	
42	0.00002500	18	
23	0.00005556	40	
43	0.00005556	40	
25	0.00005556	40	
4	0.00005556	40	
28	0.00005556	40	
47	0.00005556	40	
20	0.00005556	40	
24	0.00005556	40	
18	0.00005556	40	
1	0.00005556	40	
37	0.00005556	40	
43	0.00008472	61	
29	0.00008472	61	
5	0.00008472	61	
20	0.00004722	34	
14	0.00004722	34	
18	0.00004722	34	
9	0.00007639	55	
12	0.00007639	55	
29	0.00007639	55	
11	0.00007639	55	
Node ID	Battery Consumption (%)	TotalNumber of Transactions
28	0.00000417	3	
2	0.00000417	3	
23	0.00003472	25	
12	0.00003472	25	
17	0.00003472	25	
1	0.00003472	25	
47	0.00003472	25	
41	0.00006528	47	
25	0.00006528	47	
4	0.00006528	47	
Node ID	Battery Consumption (%)	TotalNumber of Transactions
28	0.00003750	27	
2	0.00003750	27	
23	0.00003750	27	
12	0.00003750	27	
17	0.00003750	27	
1	0.00003750	27	
47	0.00013611	98	
41	0.00013611	98	
25	0.00013611	98	
4	0.00013611	98	
44	0.00005972	43	
41	0.00005972	43	
32	0.00005972	43	
3	0.00009028	65	
4	0.00009028	65	
15	0.00012083	87	
4	0.00012083	87	
23	0.00012083	87	
46	0.00008194	59	
1	0.00008194	59	
17	0.00008194	59	
22	0.00008194	59	
17	0.00011250	81	
2	0.00011250	81	
17	0.00011250	81	
20	0.00007361	53	
33	0.00007361	53	
22	0.00007361	53	
8	0.00007361	53	
16	0.00003472	25	
41	0.00003472	25	
12	0.00003472	25	
30	0.00003472	25	
32	0.00006667	48	
15	0.00006667	48	
20	0.00006667	48	
25	0.00006667	48	
4	0.00006667	48	
4	0.00006667	48	
39	0.00002778	20	
6	0.00002778	20	
33	0.00012639	91	
21	0.00012639	91	
44	0.00012639	91	
29	0.00012639	91	
3	0.00012639	91	
26	0.00001944	14	
Node ID	Battery Consumption (%)	TotalNumber of Transactions
28	0.00010139	73	
2	0.00010139	73	
23	0.00010139	73	
12	0.00010139	73	
17	0.00010139	73	
1	0.00010139	73	
47	0.00013194	95	
41	0.00013194	95	
25	0.00013194	95	
4	0.00009306	67	
44	0.00005556	40	
41	0.00005556	40	
32	0.00005556	40	
3	0.00001667	12	
4	0.00004722	34	
15	0.00004722	34	
4	0.00000972	7	
23	0.00000972	7	
46	0.00000972	7	
1	0.00000972	7	
17	0.00004028	29	
22	0.00004028	29	
17	0.00004028	29	
Node ID	Battery Consumption (%)	TotalNumber of Transactions
28	0.00004306	31	
2	0.00004306	31	
23	0.00004306	31	
12	0.00004306	31	
17	0.00004306	31	
1	0.00004306	31	
47	0.00000417	3	
41	0.00000417	3	
25	0.00000417	3	
4	0.00000417	3	
44	0.00006528	47	
41	0.00006528	47	
32	0.00006528	47	
3	0.00009444	68	
4	0.00009444	68	
15	0.00005694	41	
4	0.00005694	41	
23	0.00005694	41	
46	0.00001806	13	
1	0.00001806	13	
17	0.00001806	13	
22	0.00001806	13	
17	0.00011806	85	
2	0.00011806	85	
17	0.00011806	85	
20	0.00000972	7	
33	0.00000972	7	
22	0.00000972	7	
8	0.00000972	7	
16	0.00004028	29	
41	0.00004028	29	
12	0.00004028	29	
30	0.00004028	29	
32	0.00007083	51	
15	0.00007083	51	
20	0.00007083	51	
25	0.00007083	51	
4	0.00007083	51	
4	0.00007083	51	
39	0.00003333	24	
6	0.00003333	24	
33	0.00003333	24	
21	0.00003333	24	
44	0.00006250	45	
29	0.00006250	45	
3	0.00006250	45	
26	0.00009306	67	
47	0.00009306	67	
30	0.00009306	67	
40	0.00012222	88	
42	0.00012222	88	
47	0.00012222	88	
45	0.00008472	61	
10	0.00008472	61	
8	0.00008472	61	
22	0.00008472	61	
4	0.00008472	61	
35	0.00008472	61	
34	0.00008472	61	
37	0.00004722	34	
44	0.00004722	34	
35	0.00004722	34	
17	0.00000694	5	
2	0.00000694	5	
36	0.00000694	5	
41	0.00000694	5	
49	0.00010833	78	
40	0.00010833	78	
31	0.00010833	78	
34	0.00010833	78	
26	0.00010833	78	
30	0.00010833	78	
35	0.00006806	49	
45	0.00006806	49	
3	0.00006806	49	
13	0.00006806	49	
3	0.00006806	49	
40	0.00006806	49	
23	0.00006806	49	
7	0.00006806	49	
29	0.00006806	49	
42	0.00006806	49	
22	0.00006806	49	
33	0.00006806	49	
29	0.00006806	49	
42	0.00006806	49	
23	0.00003056	22	
43	0.00003056	22	
25	0.00003056	22	
4	0.00003056	22	
28	0.00003056	22	
47	0.00003056	22	
20	0.00003056	22	
24	0.00003056	22	
18	0.00003056	22	
1	0.00003056	22	
37	0.00003056	22	
43	0.00013056	94	
29	0.00013056	94	
5	0.00013056	94	
20	0.00009167	66	
14	0.00009167	66	
18	0.00009167	66	
9	0.00005278	38	
12	0.00005278	38	
29	0.00005278	38	
11	0.00005278	38	
28	0.00008333	60	
42	0.00011389	82	
35	0.00011389	82	
44	0.00011389	82	
19	0.00007500	54	
2	0.00007500	54	
29	0.00007500	54	
49	0.00007500	54	
17	0.00003750	27	
14	0.00003750	27	
36	0.00003750	27	
43	0.00003750	27	
14	0.00003750	27	
39	0.00003750	27	
14	0.00003750	27	
17	0.00006806	49	
16	0.00006806	49	
36	0.00006806	49	
8	0.00006806	49	
3	0.00009722	70	
46	0.00009722	70	
5	0.00009722	70	
24	0.00005833	42	
26	0.00005833	42	
14	0.00005833	42	
38	0.00002083	15	
28	0.00002083	15	
23	0.00002083	15	
42	0.00002083	15	
Node ID	Battery Consumption (%)	TotalNumber of Transactions
28	0.00005278	38	
2	0.00005278	38	
23	0.00005278	38	
12	0.00005278	38	
17	0.00005278	38	
1	0.00001389	10	
47	0.00001389	10	
41	0.00001389	10	
25	0.00001389	10	
4	0.00004444	32	
44	0.00000556	4	
41	0.00000556	4	
32	0.00000556	4	
3	0.00003750	27	
4	0.00006806	49	
15	0.00006806	49	
4	0.00009722	70	
23	0.00009722	70	
46	0.00009722	70	
1	0.00009722	70	
17	0.00012778	92	
22	0.00012778	92	
17	0.00012778	92	
2	0.00002083	15	
17	0.00002083	15	
20	0.00002083	15	
33	0.00002083	15	
22	0.00002083	15	
8	0.00002083	15	
16	0.00005139	37	
41	0.00005139	37	
12	0.00001250	9	
30	0.00001250	9	
32	0.00001250	9	
15	0.00001250	9	
20	0.00011250	81	
25	0.00011250	81	
4	0.00011250	81	
4	0.00011250	81	
39	0.00011250	81	
6	0.00000556	4	
33	0.00000556	4	
21	0.00000556	4	
44	0.00000556	4	
29	0.00000556	4	
3	0.00000556	4	
26	0.00003611	26	
47	0.00003611	26	
30	0.00003611	26	
40	0.00009583	69	
42	0.00009583	69	
47	0.00009583	69	
45	0.00009583	69	
10	0.00009583	69	
8	0.00009583	69	
22	0.00009583	69	
4	0.00009583	69	
35	0.00005694	41	
34	0.00005694	41	
37	0.00005694	41	
44	0.00005694	41	
35	0.00005694	41	
17	0.00008750	63	
2	0.00008750	63	
36	0.00008750	63	
41	0.00005000	36	
49	0.00005000	36	
40	0.00005000	36	
31	0.00005000	36	
34	0.00005000	36	
26	0.00005000	36	
30	0.00008056	58	
35	0.00008056	58	
45	0.00008056	58	
3	0.00008056	58	
13	0.00008056	58	
3	0.00008056	58	
40	0.00008056	58	
23	0.00008056	58	
7	0.00008056	58	
29	0.00008056	58	
42	0.00010972	79	
22	0.00010972	79	
33	0.00010972	79	
29	0.00010972	79	
42	0.00010972	79	
23	0.00010972	79	
43	0.00010972	79	
25	0.00010972	79	
4	0.00010972	79	
28	0.00010972	79	
47	0.00010972	79	
20	0.00010972	79	
24	0.00010972	79	
18	0.00010972	79	
1	0.00000278	2	
37	0.00000278	2	
43	0.00000278	2	
29	0.00000278	2	
5	0.00000278	2	
20	0.00010139	73	
14	0.00010139	73	
18	0.00010139	73	
9	0.00013194	95	
12	0.00013194	95	
29	0.00013194	95	
11	0.00013194	95	
28	0.00002500	18	
42	0.00005556	40	
35	0.00001806	13	
44	0.00001806	13	
19	0.00001806	13	
2	0.00001806	13	
29	0.00004722	34	
49	0.00004722	34	
17	0.00004722	34	
14	0.00004722	34	
36	0.00004722	34	
43	0.00004722	34	
14	0.00004722	34	
39	0.00004722	34	
14	0.00004722	34	
17	0.00007778	56	
16	0.00007778	56	
36	0.00007778	56	
8	0.00007778	56	
3	0.00010833	78	
46	0.00010833	78	
5	0.00010833	78	
24	0.00006944	50	
26	0.00006944	50	
14	0.00003333	24	
38	0.00003333	24	
28	0.00003333	24	
23	0.00003333	24	
42	0.00006250	45	
3	0.00009306	67	
1	0.00009306	67	
37	0.00012361	89	
49	0.00012361	89	
43	0.00008472	61	
37	0.00008472	61	
42	0.00008472	61	
49	0.00008472	61	
46	0.00007639	55	
28	0.00007639	55	
32	0.00007639	55	
10	0.00007639	55	
48	0.00003750	27	
13	0.00003750	27	
11	0.00006806	49	
10	0.00006806	49	
44	0.00006806	49	
37	0.00006806	49	
1	0.00002917	21	
37	0.00005972	43	
28	0.00005972	43	
7	0.00005972	43	
41	0.00005972	43	
29	0.00005972	43	
43	0.00002222	16	
33	0.00002222	16	
49	0.00002222	16	
6	0.00012083	87	
31	0.00012083	87	
21	0.00012083	87	
22	0.00012083	87	
4	0.00012083	87	
8	0.00008333	60	
41	0.00004444	32	
1	0.00004444	32	
44	0.00000556	4	
20	0.00000556	4	
38	0.00000556	4	
44	0.00000556	4	
37	0.00000556	4	
41	0.00000556	4	
26	0.00003611	26	
4	0.00003611	26	
35	0.00003611	26	
33	0.00003611	26	
15	0.00006667	48	
7	0.00006667	48	
46	0.00006667	48	
30	0.00009861	71	
36	0.00005972	43	
21	0.00005972	43	
46	0.00005972	43	
37	0.00005972	43	
5	0.00005972	43	
14	0.00008889	64	
24	0.00005139	37	
10	0.00005139	37	
41	0.00008056	58	
27	0.00008056	58	
13	0.00008056	58	
27	0.00008056	58	
47	0.00008056	58	
48	0.00008056	58	
15	0.00004306	31	
1	0.00004306	31	
14	0.00004306	31	
7	0.00004306	31	
33	0.00004306	31	
31	0.00004306	31	
39	0.00000417	3	
19	0.00000417	3	
2	0.00000417	3	
29	0.00000417	3	
28	0.00010278	74	
32	0.00002778	20	
47	0.00002778	20	
34	0.00002778	20	
42	0.00005694	41	
31	0.00005694	41	
11	0.00005694	41	
28	0.00005694	41	
2	0.00005694	41	
25	0.00005694	41	
4	0.00005694	41	
38	0.00005694	41	
25	0.00005694	41	
7	0.00005694	41	
7	0.00001944	14	
29	0.00001944	14	
6	0.00001944	14	
37	0.00001944	14	
22	0.00001944	14	
18	0.00001944	14	
9	0.00001944	14	
22	0.00001111	8	
23	0.00001111	8	
47	0.00001111	8	
2	0.00001111	8	
13	0.00001111	8	
15	0.00001111	8	
8	0.00010972	79	
48	0.00010972	79	
4	0.00010972	79	
28	0.00010972	79	
15	0.00010972	79	
5	0.00007083	51	
31	0.00007083	51	
48	0.00007083	51	
6	0.00007083	51	
7	0.00007083	51	
25	0.00007083	51	
34	0.00007083	51	
8	0.00007083	51	
47	0.00003333	24	
18	0.00003333	24	
47	0.00003333	24	
35	0.00006250	45	
26	0.00006250	45	
44	0.00006250	45	
47	0.00006250	45	
10	0.00005556	40	
8	0.00005556	40	
13	0.00008611	62	
8	0.00008611	62	
46	0.00008611	62	
19	0.00008611	62	
8	0.00008611	62	
47	0.00008611	62	
11	0.00011667	84	
2	0.00011667	84	
17	0.00011667	84	
29	0.00011667	84	
49	0.00007639	55	
10	0.00000139	1	
45	0.00000139	1	
37	0.00000139	1	
35	0.00000139	1	
42	0.00000139	1	
41	0.00003194	23	
40	0.00003194	23	
47	0.00003194	23	
34	0.00003194	23	
26	0.00003194	23	
19	0.00003194	23	
29	0.00012917	93	
10	0.00012917	93	
26	0.00012917	93	
43	0.00012917	93	
25	0.00002361	17	
45	0.00002361	17	
1	0.00002361	17	
7	0.00012222	88	
7	0.00012222	88	
39	0.00008472	61	
1	0.00008472	61	
42	0.00008472	61	
42	0.00008472	61	
19	0.00008472	61	
13	0.00008472	61	
34	0.00011389	82	
6	0.00011389	82	
11	0.00000694	5	
7	0.00000694	5	
12	0.00000694	5	
3	0.00000694	5	
10	0.00010694	77	
26	0.00010694	77	
6	0.00010694	77	
44	0.00006806	49	
16	0.00006806	49	
48	0.00006806	49	
19	0.00006806	49	
31	0.00002917	21	
42	0.00002917	21	
37	0.00002917	21	
6	0.00002917	21	
31	0.00002917	21	
38	0.00002917	21	
32	0.00005972	43	
17	0.00005972	43	
11	0.00005972	43	
1	0.00005972	43	
7	0.00005972	43	
31	0.00008889	64	
6	0.00008889	64	
40	0.00008889	64	
42	0.00011944	86	
6	0.00011944	86	
37	0.00008194	59	
13	0.00008194	59	
20	0.00008194	59	
8	0.00004306	31	
30	0.00004306	31	
16	0.00000556	4	
4	0.00000556	4	
17	0.00000556	4	
21	0.00000556	4	
49	0.00010417	75	
10	0.00010417	75	
16	0.00010417	75	
40	0.00010417	75	
34	0.00010417	75	
37	0.00010417	75	
24	0.00010417	75	
8	0.00010417	75	
35	0.00010417	75	
17	0.00013472	97	
48	0.00013472	97	
24	0.00013472	97	
31	0.00013472	97	
18	0.00002778	20	
46	0.00002778	20	
38	0.00002778	20	
14	0.00002778	20	
44	0.00002778	20	
18	0.00002778	20	
37	0.00002778	20	
35	0.00002778	20	
30	0.00005833	42	
39	0.00005833	42	
23	0.00005833	42	
20	0.00005833	42	
43	0.00005833	42	
4	0.00005833	42	
48	0.00008889	64	
38	0.00008889	64	
42	0.00008889	64	
18	0.00011944	86	
31	0.00011944	86	
31	0.00011944	86	
25	0.00008056	58	
40	0.00008056	58	
2	0.00008056	58	
17	0.00008056	58	
1	0.00011111	80	
48	0.00011111	80	
4	0.00000278	2	
26	0.00000278	2	
25	0.00000278	2	
38	0.00000278	2	
17	0.00000278	2	
47	0.00000278	2	
20	0.00000278	2	
46	0.00000278	2	
34	0.00000278	2	
27	0.00003333	24	
48	0.00003333	24	
37	0.00003333	24	
22	0.00003333	24	
9	0.00003333	24	
39	0.00006389	46	
2	0.00006389	46	
37	0.00006389	46	
39	0.00006389	46	
Node ID	Battery Consumption (%)	TotalNumber of Transactions
28	0.00013056	94	
2	0.00013056	94	
23	0.00009167	66	
12	0.00009167	66	
17	0.00009167	66	
1	0.00009167	66	
47	0.00005278	38	
41	0.00005278	38	
25	0.00005278	38	
4	0.00005278	38	
44	0.00001528	11	
41	0.00011389	82	
32	0.00011389	82	
3	0.00007639	55	
4	0.00007639	55	
15	0.00010694	77	
4	0.00010694	77	
23	0.00010694	77	
46	0.00006806	49	
1	0.00006806	49	
17	0.00006806	49	
22	0.00006806	49	
17	0.00006806	49	
2	0.00002917	21	
17	0.00002917	21	
20	0.00002917	21	
33	0.00012778	92	
22	0.00012778	92	
8	0.00012778	92	
16	0.00012778	92	
41	0.00002083	15	
12	0.00002083	15	
30	0.00002083	15	
32	0.00005139	37	
15	0.00005139	37	
20	0.00005139	37	
25	0.00005139	37	
4	0.00005139	37	
4	0.00005139	37	
39	0.00008056	58	
6	0.00008056	58	
33	0.00008056	58	
21	0.00008056	58	
44	0.00011111	80	
29	0.00011111	80	
3	0.00011111	80	
26	0.00007500	54	
47	0.00007500	54	
30	0.00007500	54	
40	0.00003472	25	
42	0.00003472	25	
47	0.00003472	25	
45	0.00003472	25	
10	0.00006667	48	
8	0.00006667	48	
22	0.00006667	48	
4	0.00006667	48	
35	0.00006667	48	
34	0.00006667	48	
37	0.00006667	48	
44	0.00006667	48	
35	0.00009583	69	
17	0.00012639	91	
2	0.00012639	91	
36	0.00012639	91	
41	0.00012639	91	
49	0.00008750	63	
40	0.00008750	63	
31	0.00008750	63	
34	0.00008750	63	
26	0.00008750	63	
30	0.00008750	63	
35	0.00008750	63	
45	0.00005000	36	
3	0.00005000	36	
13	0.00005000	36	
3	0.00005000	36	
40	0.00005000	36	
23	0.00005000	36	
7	0.00005000	36	
29	0.00005000	36	
42	0.00005000	36	
22	0.00005000	36	
33	0.00005000	36	
29	0.00005000	36	
42	0.00005000	36	
23	0.00005000	36	
43	0.00005000	36	
25	0.00008056	58	
4	0.00008056	58	
28	0.00008056	58	
47	0.00008056	58	
20	0.00008056	58	
24	0.00008056	58	
18	0.00008056	58	
1	0.00008056	58	
37	0.00008056	58	
43	0.00011111	80	
29	0.00011111	80	
5	0.00011111	80	
20	0.00007222	52	
14	0.00007222	52	
18	0.00007222	52	
9	0.00003472	25	
12	0.00003472	25	
29	0.00003472	25	
11	0.00003472	25	
28	0.00013194	95	
42	0.00009444	68	
35	0.00009444	68	
44	0.00009444	68	
19	0.00012361	89	
2	0.00012361	89	
29	0.00012361	89	
49	0.00012361	89	
17	0.00001667	12	
14	0.00001667	12	
36	0.00001667	12	
43	0.00001667	12	
14	0.00001667	12	
39	0.00001667	12	
14	0.00001667	12	
17	0.00001667	12	
16	0.00001667	12	
36	0.00001667	12	
8	0.00001667	12	
3	0.00000972	7	
46	0.00000972	7	
5	0.00000972	7	
24	0.00000972	7	
26	0.00004028	29	
14	0.00004028	29	
38	0.00000139	1	
28	0.00000139	1	
23	0.00000139	1	
42	0.00000139	1	
3	0.00013056	94	
1	0.00013056	94	
37	0.00002361	17	
49	0.00002361	17	
43	0.00005417	39	
37	0.00005417	39	
42	0.00005417	39	
49	0.00005417	39	
46	0.00001528	11	
28	0.00011528	83	
32	0.00011528	83	
10	0.00011528	83	
48	0.00011528	83	
13	0.00007639	55	
11	0.00007639	55	
10	0.00003750	27	
44	0.00003750	27	
37	0.00003750	27	
1	0.00003750	27	
37	0.00006806	49	
28	0.00006806	49	
7	0.00006806	49	
41	0.00003056	22	
29	0.00003056	22	
43	0.00003056	22	
33	0.00012917	93	
49	0.00012917	93	
6	0.00012917	93	
31	0.00009167	66	
21	0.00009167	66	
22	0.00009167	66	
4	0.00009167	66	
8	0.00012222	88	
41	0.00012222	88	
1	0.00012222	88	
44	0.00012222	88	
20	0.00012222	88	
38	0.00012222	88	
44	0.00012222	88	
37	0.00012222	88	
41	0.00012222	88	
26	0.00012222	88	
4	0.00012222	88	
35	0.00012222	88	
33	0.00008333	60	
15	0.00008333	60	
7	0.00008333	60	
46	0.00008333	60	
30	0.00008333	60	
36	0.00008333	60	
21	0.00008333	60	
46	0.00008333	60	
37	0.00008333	60	
5	0.00008333	60	
14	0.00008333	60	
24	0.00008333	60	
10	0.00008333	60	
41	0.00008333	60	
27	0.00008333	60	
13	0.00008333	60	
27	0.00008333	60	
47	0.00008333	60	
48	0.00008333	60	
15	0.00008333	60	
1	0.00008333	60	
14	0.00008333	60	
7	0.00011389	82	
33	0.00011389	82	
31	0.00011389	82	
39	0.00011389	82	
19	0.00011389	82	
2	0.00011389	82	
29	0.00011389	82	
28	0.00011389	82	
32	0.00000694	5	
47	0.00000694	5	
34	0.00000694	5	
42	0.00000694	5	
31	0.00000694	5	
11	0.00000694	5	
28	0.00000694	5	
2	0.00000694	5	
25	0.00000694	5	
4	0.00010417	75	
38	0.00010417	75	
25	0.00010417	75	
7	0.00010417	75	
7	0.00010417	75	
29	0.00010417	75	
6	0.00010417	75	
37	0.00010417	75	
22	0.00010417	75	
18	0.00010417	75	
9	0.00010417	75	
22	0.00006667	48	
23	0.00006667	48	
47	0.00006667	48	
2	0.00006667	48	
13	0.00006667	48	
15	0.00006667	48	
8	0.00006667	48	
48	0.00006667	48	
4	0.00006667	48	
28	0.00006667	48	
15	0.00006667	48	
5	0.00006667	48	
31	0.00006667	48	
48	0.00006667	48	
6	0.00006667	48	
7	0.00006667	48	
25	0.00006667	48	
34	0.00006667	48	
8	0.00006667	48	
47	0.00002917	21	
18	0.00002917	21	
47	0.00002917	21	
35	0.00002917	21	
26	0.00002917	21	
44	0.00002917	21	
47	0.00002917	21	
10	0.00002917	21	
8	0.00002917	21	
13	0.00002917	21	
8	0.00002917	21	
46	0.00002917	21	
19	0.00002917	21	
8	0.00002917	21	
47	0.00002917	21	
11	0.00002917	21	
2	0.00002917	21	
17	0.00002917	21	
29	0.00002917	21	
49	0.00002917	21	
10	0.00012778	92	
45	0.00012778	92	
37	0.00012778	92	
35	0.00012778	92	
42	0.00012778	92	
41	0.00012778	92	
40	0.00012778	92	
47	0.00012778	92	
34	0.00012778	92	
26	0.00012778	92	
19	0.00012778	92	
29	0.00012778	92	
10	0.00012778	92	
26	0.00012778	92	
43	0.00012778	92	
25	0.00012778	92	
45	0.00012778	92	
1	0.00012778	92	
7	0.00012778	92	
7	0.00012778	92	
39	0.00012778	92	
1	0.00012778	92	
42	0.00012778	92	
42	0.00012778	92	
19	0.00012778	92	
13	0.00012778	92	
34	0.00012778	92	
6	0.00002083	15	
11	0.00002083	15	
7	0.00005139	37	
12	0.00001250	9	
3	0.00001250	9	
10	0.00004167	30	
26	0.00004167	30	
6	0.00004167	30	
44	0.00000417	3	
16	0.00000417	3	
48	0.00000417	3	
19	0.00010417	75	
31	0.00006528	47	
42	0.00006528	47	
37	0.00006528	47	
6	0.00006528	47	
31	0.00006528	47	
38	0.00009583	69	
32	0.00009583	69	
17	0.00009583	69	
11	0.00005694	41	
1	0.00005694	41	
7	0.00008750	63	
31	0.00008750	63	
6	0.00005000	36	
40	0.00005000	36	
42	0.00007917	57	
6	0.00004028	29	
37	0.00007083	51	
13	0.00007083	51	
20	0.00003472	25	
8	0.00003472	25	
30	0.00013194	95	
16	0.00009444	68	
4	0.00009444	68	
17	0.00009444	68	
21	0.00009444	68	
49	0.00005556	40	
10	0.00005556	40	
Node ID	Battery Consumption (%)	TotalNumber of Transactions
28	0.00002361	17	
2	0.00002361	17	
23	0.00002361	17	
12	0.00002361	17	
17	0.00002361	17	
1	0.00005417	39	
47	0.00008611	62	
41	0.00008611	62	
25	0.00008611	62	
4	0.00011667	84	
44	0.00003889	28	
41	0.00003889	28	
32	0.00000139	1	
3	0.00003056	22	
4	0.00012917	93	
15	0.00002222	16	
4	0.00012222	88	
23	0.00012222	88	
46	0.00001528	11	
1	0.00001528	11	
17	0.00001528	11	
22	0.00001528	11	
17	0.00011389	82	
2	0.00000694	5	
17	0.00000694	5	
20	0.00003611	26	
33	0.00003611	26	
22	0.00003611	26	
8	0.00003611	26	
16	0.00013611	98	
41	0.00002917	21	
12	0.00002917	21	
30	0.00002917	21	
32	0.00012778	92	
15	0.00002083	15	
20	0.00002083	15	
25	0.00002083	15	
4	0.00002083	15	
4	0.00002083	15	
39	0.00012083	87	
6	0.00008194	59	
33	0.00008194	59	
21	0.00008194	59	
44	0.00004306	31	
29	0.00004306	31	
3	0.00004306	31	
26	0.00007361	53	
47	0.00007361	53	
30	0.00007361	53	
40	0.00002778	20	
42	0.00002778	20	
47	0.00002778	20	
45	0.00002778	20	
10	0.00012639	91	
8	0.00012639	91	
22	0.00012639	91	
4	0.00012639	91	
35	0.00001944	14	
34	0.00001944	14	
37	0.00001944	14	
44	0.00001944	14	
35	0.00001944	14	
17	0.00001111	8	
2	0.00001111	8	
36	0.00001111	8	
41	0.00004167	30	
49	0.00000278	2	
40	0.00000278	2	
31	0.00000278	2	
34	0.00000278	2	
26	0.00000278	2	
30	0.00003333	24	
35	0.00003333	24	
45	0.00003333	24	
3	0.00013194	95	
13	0.00013194	95	
3	0.00013194	95	
40	0.00013194	95	
23	0.00013194	95	
7	0.00013194	95	
29	0.00013194	95	
42	0.00013194	95	
22	0.00013194	95	
33	0.00013194	95	
29	0.00013194	95	
42	0.00013194	95	
23	0.00013194	95	
43	0.00013194	95	
25	0.00013194	95	
4	0.00013194	95	
28	0.00013194	95	
47	0.00013194	95	
20	0.00013194	95	
24	0.00009583	69	
18	0.00009583	69	
1	0.00009583	69	
37	0.00009583	69	
43	0.00005556	40	
29	0.00005556	40	
5	0.00005556	40	
20	0.00001667	12	
14	0.00001667	12	
18	0.00004722	34	
9	0.00000972	7	
12	0.00000972	7	
29	0.00000972	7	
11	0.00000972	7	
28	0.00007083	51	
42	0.00013056	94	
35	0.00009306	67	
44	0.00009306	67	
19	0.00009306	67	
2	0.00009306	67	
29	0.00001528	11	
49	0.00001528	11	
17	0.00001528	11	
14	0.00001528	11	
36	0.00001528	11	
43	0.00001528	11	
14	0.00001528	11	
39	0.00001528	11	
14	0.00001528	11	
17	0.00004583	33	
16	0.00004583	33	
36	0.00004583	33	
8	0.00004583	33	
3	0.00003750	27	
46	0.00003750	27	
5	0.00003750	27	
24	0.00006806	49	
26	0.00009861	71	
14	0.00012917	93	
38	0.00012917	93	
28	0.00012917	93	
23	0.00012917	93	
42	0.00009028	65	
3	0.00011250	81	
1	0.00011250	81	
37	0.00000694	5	
49	0.00003611	26	
43	0.00006667	48	
37	0.00006667	48	
42	0.00002778	20	
49	0.00002778	20	
46	0.00008889	64	
28	0.00011806	85	
32	0.00011806	85	
10	0.00011806	85	
48	0.00001250	9	
13	0.00001250	9	
