Node ID	CPU Usage (%)	Total number of transactions
28	10.66	17	
2	10.66	17	
23	10.66	17	
12	10.66	17	
17	10.66	17	
1	10.66	17	
47	55.71	89	
41	55.71	89	
25	55.71	89	
4	55.71	89	
44	51.95	83	
41	51.95	83	
32	51.95	83	
3	3.80	6	
4	3.80	6	
Node ID	CPU Usage (%)	Total number of transactions
28	6.64	11	
2	6.64	11	
23	6.64	11	
12	6.64	11	
17	6.64	11	
1	50.84	81	
47	50.84	81	
41	50.84	81	
25	50.84	81	
4	2.74	4	
44	16.35	26	
41	16.35	26	
32	16.35	26	
3	30.31	48	
4	12.84	21	
15	12.84	21	
4	26.12	42	
Node ID	CPU Usage (%)	Total number of transactions
28	50.76	81	
2	50.76	81	
23	33.32	53	
12	33.32	53	
17	33.32	53	
1	33.32	53	
47	33.32	53	
41	46.59	75	
25	46.59	75	
4	46.59	75	
44	30.03	48	
41	12.65	20	
32	12.65	20	
3	26.25	42	
4	26.25	42	
15	26.25	42	
4	39.68	63	
23	39.68	63	
46	53.50	86	
1	53.50	86	
17	53.50	86	
22	53.50	86	
17	53.50	86	
2	5.10	8	
17	5.10	8	
20	5.10	8	
33	19.16	31	
22	19.16	31	
8	19.16	31	
16	19.16	31	
41	32.51	52	
12	32.51	52	
30	32.51	52	
32	32.51	52	
15	46.00	74	
20	46.00	74	
25	46.00	74	
4	46.00	74	
4	46.00	74	
39	46.00	74	
6	28.75	46	
33	28.75	46	
21	28.75	46	
44	42.97	69	
29	42.97	69	
3	42.97	69	
Node ID	CPU Usage (%)	Total number of transactions
28	30.80	49	
2	30.80	49	
23	44.68	71	
12	44.68	71	
17	44.68	71	
1	44.68	71	
47	44.68	71	
41	58.42	93	
25	58.42	93	
4	58.42	93	
44	10.23	16	
41	23.32	37	
32	23.32	37	
3	37.21	60	
4	37.21	60	
15	51.09	82	
4	51.09	82	
23	51.09	82	
46	33.98	54	
1	33.98	54	
17	33.98	54	
22	33.98	54	
17	33.98	54	
2	15.88	25	
17	15.88	25	
20	15.88	25	
33	30.13	48	
22	30.13	48	
8	30.13	48	
16	30.13	48	
41	44.19	71	
12	44.19	71	
30	44.19	71	
32	44.19	71	
15	26.74	43	
20	26.74	43	
25	26.74	43	
4	26.74	43	
4	26.74	43	
39	9.07	15	
6	9.07	15	
33	9.07	15	
21	9.07	15	
44	54.10	87	
29	54.10	87	
3	54.10	87	
26	54.10	87	
47	5.38	9	
30	5.38	9	
40	50.37	81	
42	50.37	81	
47	50.37	81	
45	50.37	81	
10	2.34	4	
8	2.34	4	
22	2.34	4	
4	2.34	4	
35	2.34	4	
34	2.34	4	
37	2.34	4	
44	2.34	4	
35	2.34	4	
17	29.49	47	
2	29.49	47	
36	29.49	47	
41	29.49	47	
49	29.49	47	
40	29.49	47	
31	12.36	20	
34	12.36	20	
26	12.36	20	
30	12.36	20	
35	12.36	20	
45	56.33	90	
3	56.33	90	
13	56.33	90	
3	56.33	90	
40	56.33	90	
23	56.33	90	
7	56.33	90	
29	56.33	90	
42	56.33	90	
22	56.33	90	
33	56.33	90	
29	56.33	90	
42	56.33	90	
23	56.33	90	
43	56.33	90	
25	56.33	90	
4	56.33	90	
28	56.33	90	
47	8.25	13	
20	8.25	13	
24	8.25	13	
18	8.25	13	
1	8.25	13	
37	8.25	13	
43	52.95	85	
29	52.95	85	
5	52.95	85	
20	52.95	85	
14	52.95	85	
18	35.74	57	
9	49.51	79	
12	49.51	79	
29	49.51	79	
11	49.51	79	
28	1.30	2	
42	14.78	24	
35	14.78	24	
44	14.78	24	
19	14.78	24	
2	28.33	45	
29	28.33	45	
49	28.33	45	
17	28.33	45	
14	42.35	68	
36	42.35	68	
43	42.35	68	
14	42.35	68	
39	42.35	68	
14	42.35	68	
17	42.35	68	
16	42.35	68	
36	42.35	68	
8	42.35	68	
3	24.55	39	
46	7.64	12	
5	7.64	12	
24	7.64	12	
26	21.55	34	
14	21.55	34	
38	21.55	34	
28	35.08	56	
23	35.08	56	
42	35.08	56	
3	31.54	50	
1	31.54	50	
37	31.54	50	
49	44.93	72	
43	44.93	72	
37	44.93	72	
42	58.41	93	
49	58.41	93	
46	41.08	66	
28	41.08	66	
32	54.99	88	
10	54.99	88	
48	54.99	88	
13	54.99	88	
11	6.99	11	
10	51.48	82	
44	51.48	82	
37	51.48	82	
1	51.48	82	
37	3.35	5	
28	3.35	5	
7	3.35	5	
41	3.35	5	
29	16.94	27	
43	16.94	27	
33	16.94	27	
49	61.77	99	
6	61.77	99	
31	61.77	99	
21	61.77	99	
22	61.77	99	
4	13.36	21	
8	27.05	43	
41	27.05	43	
1	40.55	65	
44	40.55	65	
20	40.55	65	
38	40.55	65	
44	55.03	88	
37	55.03	88	
41	55.03	88	
26	55.03	88	
4	55.03	88	
35	55.03	88	
33	6.07	10	
15	6.07	10	
7	20.10	32	
46	20.10	32	
30	20.10	32	
Node ID	CPU Usage (%)	Total number of transactions
28	17.09	27	
2	17.09	27	
23	17.09	27	
12	17.09	27	
17	17.09	27	
1	30.19	48	
47	30.19	48	
41	30.19	48	
25	30.19	48	
4	43.95	70	
44	58.06	93	
41	58.06	93	
32	9.56	15	
3	9.56	15	
4	54.03	86	
15	54.03	86	
4	5.90	9	
23	5.90	9	
46	5.90	9	
1	50.92	81	
17	50.92	81	
22	50.92	81	
17	50.92	81	
2	33.31	53	
17	33.31	53	
20	33.31	53	
33	33.31	53	
22	33.31	53	
8	33.31	53	
16	47.14	75	
Node ID	CPU Usage (%)	Total number of transactions
28	14.98	24	
2	14.98	24	
23	14.98	24	
12	14.98	24	
17	14.98	24	
1	14.98	24	
47	28.71	46	
41	28.71	46	
25	28.71	46	
4	28.71	46	
44	55.99	90	
41	55.99	90	
32	55.99	90	
3	7.85	13	
4	52.44	84	
15	52.44	84	
4	52.44	84	
23	4.30	7	
46	4.30	7	
1	4.30	7	
17	4.30	7	
22	4.30	7	
17	17.59	28	
2	17.59	28	
17	17.59	28	
20	0.73	1	
33	0.73	1	
22	0.73	1	
8	0.73	1	
16	14.09	23	
41	14.09	23	
12	14.09	23	
30	14.09	23	
32	58.99	94	
15	58.99	94	
20	58.99	94	
25	58.99	94	
4	58.99	94	
4	10.52	17	
39	10.52	17	
6	24.27	39	
33	24.27	39	
21	24.27	39	
44	24.27	39	
29	24.27	39	
3	24.27	39	
26	6.66	11	
47	6.66	11	
30	6.66	11	
40	20.82	33	
42	20.82	33	
47	3.69	6	
45	3.69	6	
10	3.69	6	
8	3.69	6	
22	3.69	6	
4	3.69	6	
35	3.69	6	
34	17.00	27	
37	17.00	27	
44	17.00	27	
35	17.00	27	
17	0.12	0	
2	0.12	0	
36	0.12	0	
41	0.12	0	
49	13.70	22	
40	13.70	22	
31	13.70	22	
34	13.70	22	
26	13.70	22	
30	13.70	22	
35	27.51	44	
45	27.51	44	
3	27.51	44	
13	27.51	44	
3	27.51	44	
40	27.51	44	
23	27.51	44	
7	27.51	44	
29	27.51	44	
42	27.51	44	
22	27.51	44	
33	27.51	44	
29	9.88	16	
42	9.88	16	
23	9.88	16	
43	9.88	16	
25	9.88	16	
4	9.88	16	
28	9.88	16	
47	9.88	16	
20	9.88	16	
24	9.88	16	
18	9.88	16	
1	9.88	16	
37	9.88	16	
43	54.77	88	
29	54.77	88	
5	54.77	88	
20	37.28	60	
14	37.28	60	
18	37.28	60	
9	20.55	33	
12	20.55	33	
29	20.55	33	
11	20.55	33	
28	33.89	54	
42	47.56	76	
35	47.56	76	
44	47.56	76	
19	60.85	97	
2	60.85	97	
29	60.85	97	
49	60.85	97	
17	43.86	70	
14	43.86	70	
36	43.86	70	
43	43.86	70	
14	43.86	70	
39	43.86	70	
14	43.86	70	
17	43.86	70	
16	57.20	92	
36	57.20	92	
8	57.20	92	
3	39.97	64	
46	39.97	64	
5	39.97	64	
24	39.97	64	
26	53.53	86	
14	53.53	86	
38	5.96	10	
28	5.96	10	
23	5.96	10	
42	5.96	10	
3	2.14	3	
1	2.14	3	
37	15.64	25	
49	15.64	25	
43	60.25	96	
37	60.25	96	
42	60.25	96	
49	60.25	96	
46	43.14	69	
28	56.47	90	
32	56.47	90	
10	56.47	90	
48	56.47	90	
13	8.42	13	
11	8.42	13	
10	22.08	35	
44	22.08	35	
37	22.08	35	
1	22.08	35	
37	4.76	8	
28	4.76	8	
7	4.76	8	
41	18.47	30	
29	18.47	30	
43	18.47	30	
Node ID	CPU Usage (%)	Total number of transactions
28	4.38	7	
2	4.38	7	
23	48.81	78	
12	48.81	78	
17	48.81	78	
1	48.81	78	
47	48.81	78	
41	31.91	51	
25	31.91	51	
4	31.91	51	
44	45.67	73	
41	28.31	45	
32	28.31	45	
3	41.77	67	
4	41.77	67	
15	24.78	40	
4	24.78	40	
23	24.78	40	
46	7.15	11	
1	7.15	11	
17	7.15	11	
22	7.15	11	
17	7.15	11	
2	52.11	83	
17	52.11	83	
20	33.90	54	
33	33.90	54	
22	33.90	54	
8	33.90	54	
16	47.41	76	
41	47.41	76	
12	61.26	98	
30	61.26	98	
32	61.26	98	
15	61.26	98	
20	13.18	21	
25	13.18	21	
4	13.18	21	
4	13.18	21	
39	13.18	21	
6	26.51	42	
33	26.51	42	
21	26.51	42	
44	26.51	42	
29	9.64	15	
3	9.64	15	
26	9.64	15	
47	9.64	15	
30	9.64	15	
40	5.72	9	
42	5.72	9	
47	5.72	9	
Node ID	CPU Usage (%)	Total number of transactions
28	43.45	70	
2	43.45	70	
23	43.45	70	
12	43.45	70	
17	43.45	70	
1	25.89	41	
47	25.89	41	
41	25.89	41	
25	40.27	64	
4	40.27	64	
44	22.62	36	
41	22.62	36	
32	36.44	58	
3	36.44	58	
4	18.87	30	
15	18.87	30	
4	32.65	52	
23	32.65	52	
46	32.65	52	
1	46.17	74	
17	46.17	74	
22	46.17	74	
17	46.17	74	
2	60.04	96	
17	60.04	96	
20	60.04	96	
33	60.04	96	
22	60.04	96	
8	60.04	96	
16	42.34	68	
41	42.34	68	
12	56.60	91	
30	56.60	91	
32	56.60	91	
15	56.60	91	
20	7.98	13	
25	7.98	13	
4	7.98	13	
4	7.98	13	
39	7.98	13	
6	21.73	35	
33	21.73	35	
21	21.73	35	
44	21.73	35	
29	4.43	7	
3	4.43	7	
26	4.43	7	
47	4.43	7	
30	4.43	7	
40	31.75	51	
42	31.75	51	
47	31.75	51	
45	31.75	51	
10	31.75	51	
8	31.75	51	
22	31.75	51	
4	14.25	23	
35	14.25	23	
34	14.25	23	
37	14.25	23	
44	14.25	23	
35	14.25	23	
17	27.70	44	
2	27.70	44	
36	27.70	44	
41	10.65	17	
49	10.65	17	
40	10.65	17	
31	10.65	17	
34	10.65	17	
Node ID	CPU Usage (%)	Total number of transactions
28	44.33	71	
2	44.33	71	
23	44.33	71	
12	44.33	71	
17	44.33	71	
1	26.67	43	
47	26.67	43	
41	26.67	43	
25	26.67	43	
4	9.98	16	
44	54.43	87	
41	54.43	87	
32	37.21	60	
3	37.21	60	
4	50.66	81	
15	50.66	81	
4	2.77	4	
23	2.77	4	
46	2.77	4	
1	16.04	26	
17	16.04	26	
22	16.04	26	
17	16.04	26	
2	29.99	48	
17	29.99	48	
20	29.99	48	
33	29.99	48	
22	29.99	48	
8	29.99	48	
16	12.31	20	
41	12.31	20	
12	57.22	92	
30	57.22	92	
32	57.22	92	
15	57.22	92	
20	9.01	14	
25	9.01	14	
4	9.01	14	
4	9.01	14	
39	9.01	14	
6	22.37	36	
33	22.37	36	
21	22.37	36	
44	22.37	36	
29	5.30	8	
3	5.30	8	
26	5.30	8	
47	5.30	8	
30	5.30	8	
40	1.77	3	
42	1.77	3	
47	1.77	3	
45	1.77	3	
10	1.77	3	
8	1.77	3	
22	1.77	3	
4	15.29	24	
35	15.29	24	
34	15.29	24	
37	15.29	24	
44	15.29	24	
35	15.29	24	
17	59.96	96	
2	59.96	96	
36	59.96	96	
41	11.67	19	
49	11.67	19	
40	11.67	19	
31	11.67	19	
34	11.67	19	
26	11.67	19	
30	25.62	41	
35	25.62	41	
45	25.62	41	
3	25.62	41	
13	25.62	41	
3	25.62	41	
40	25.62	41	
23	25.62	41	
7	38.97	62	
29	38.97	62	
42	38.97	62	
22	38.97	62	
33	38.97	62	
29	38.97	62	
42	38.97	62	
23	38.97	62	
43	38.97	62	
25	38.97	62	
4	38.97	62	
28	38.97	62	
47	38.97	62	
20	38.97	62	
24	38.97	62	
18	38.97	62	
1	21.79	35	
37	21.79	35	
43	21.79	35	
29	21.79	35	
5	21.79	35	
20	4.24	7	
14	4.24	7	
18	49.07	79	
Node ID	CPU Usage (%)	Total number of transactions
28	19.79	32	
2	19.79	32	
23	2.60	4	
12	2.60	4	
17	2.60	4	
1	2.60	4	
47	2.60	4	
41	47.26	76	
25	47.26	76	
4	47.26	76	
44	61.12	98	
41	43.18	69	
32	43.18	69	
3	57.35	92	
4	57.35	92	
15	57.35	92	
4	8.99	14	
23	8.99	14	
46	22.59	36	
1	22.59	36	
17	22.59	36	
22	22.59	36	
17	22.59	36	
2	35.72	57	
17	35.72	57	
20	35.72	57	
33	19.10	31	
22	19.10	31	
8	19.10	31	
16	19.10	31	
41	32.55	52	
12	32.55	52	
30	32.55	52	
32	32.55	52	
15	46.27	74	
20	46.27	74	
25	46.27	74	
4	46.27	74	
4	46.27	74	
39	29.07	47	
6	29.07	47	
33	29.07	47	
21	29.07	47	
44	42.51	68	
29	42.51	68	
3	42.51	68	
26	42.51	68	
47	56.27	90	
30	56.27	90	
40	39.17	63	
42	39.17	63	
47	39.17	63	
45	39.17	63	
10	52.48	84	
8	52.48	84	
22	52.48	84	
4	52.48	84	
35	52.48	84	
34	52.48	84	
37	52.48	84	
44	52.48	84	
35	52.48	84	
17	18.41	29	
2	18.41	29	
36	18.41	29	
41	18.41	29	
49	18.41	29	
40	18.41	29	
31	0.98	2	
34	0.98	2	
26	0.98	2	
30	0.98	2	
35	0.98	2	
45	45.74	73	
3	45.74	73	
13	45.74	73	
3	45.74	73	
40	45.74	73	
23	45.74	73	
7	45.74	73	
29	45.74	73	
42	45.74	73	
Node ID	CPU Usage (%)	Total number of transactions
28	56.98	91	
2	56.98	91	
23	56.98	91	
12	56.98	91	
17	56.98	91	
1	56.98	91	
47	8.89	14	
41	8.89	14	
25	8.89	14	
4	8.89	14	
44	5.24	8	
41	5.24	8	
32	5.24	8	
Node ID	CPU Usage (%)	Total number of transactions
28	29.19	47	
2	29.19	47	
23	29.19	47	
12	29.19	47	
17	29.19	47	
1	29.19	47	
47	43.29	69	
41	43.29	69	
25	43.29	69	
4	43.29	69	
44	39.41	63	
41	39.41	63	
32	39.41	63	
3	53.44	86	
4	53.44	86	
15	5.30	8	
4	5.30	8	
23	5.30	8	
46	49.91	80	
1	49.91	80	
17	49.91	80	
22	49.91	80	
17	1.54	2	
2	1.54	2	
17	1.54	2	
20	15.22	24	
33	15.22	24	
22	15.22	24	
8	15.22	24	
16	28.80	46	
41	28.80	46	
12	28.80	46	
30	28.80	46	
32	42.41	68	
15	42.41	68	
20	42.41	68	
25	42.41	68	
4	42.41	68	
4	42.41	68	
39	25.62	41	
6	25.62	41	
33	7.88	13	
21	7.88	13	
44	7.88	13	
29	7.88	13	
3	7.88	13	
26	21.78	35	
47	21.78	35	
30	21.78	35	
40	4.51	7	
42	4.51	7	
47	49.05	78	
45	49.05	78	
10	49.05	78	
8	49.05	78	
22	49.05	78	
4	49.05	78	
35	49.05	78	
34	0.77	1	
37	0.77	1	
44	0.77	1	
35	0.77	1	
17	14.35	23	
2	14.35	23	
36	14.35	23	
41	14.35	23	
49	59.13	95	
40	59.13	95	
31	59.13	95	
34	59.13	95	
26	59.13	95	
30	59.13	95	
35	11.01	18	
45	11.01	18	
3	11.01	18	
13	11.01	18	
3	11.01	18	
40	11.01	18	
23	11.01	18	
7	11.01	18	
29	11.01	18	
42	11.01	18	
22	11.01	18	
33	11.01	18	
29	11.01	18	
42	11.01	18	
23	24.69	40	
43	24.69	40	
25	24.69	40	
4	24.69	40	
28	24.69	40	
47	24.69	40	
20	24.69	40	
24	24.69	40	
18	24.69	40	
1	24.69	40	
37	24.69	40	
43	38.36	61	
29	38.36	61	
5	38.36	61	
20	21.11	34	
14	21.11	34	
18	21.11	34	
9	34.39	55	
12	34.39	55	
29	34.39	55	
11	34.39	55	
Node ID	CPU Usage (%)	Total number of transactions
28	1.76	3	
2	1.76	3	
23	15.54	25	
12	15.54	25	
17	15.54	25	
1	15.54	25	
47	15.54	25	
41	29.42	47	
25	29.42	47	
4	29.42	47	
Node ID	CPU Usage (%)	Total number of transactions
28	16.93	27	
2	16.93	27	
23	16.93	27	
12	16.93	27	
17	16.93	27	
1	16.93	27	
47	61.25	98	
41	61.25	98	
25	61.25	98	
4	61.25	98	
44	27.01	43	
41	27.01	43	
32	27.01	43	
3	40.86	65	
4	40.86	65	
15	54.19	87	
4	54.19	87	
23	54.19	87	
46	36.82	59	
1	36.82	59	
17	36.82	59	
22	36.82	59	
17	50.33	81	
2	50.33	81	
17	50.33	81	
20	33.23	53	
33	33.23	53	
22	33.23	53	
8	33.23	53	
16	15.91	25	
41	15.91	25	
12	15.91	25	
30	15.91	25	
32	29.92	48	
15	29.92	48	
20	29.92	48	
25	29.92	48	
4	29.92	48	
4	29.92	48	
39	12.33	20	
6	12.33	20	
33	56.97	91	
21	56.97	91	
44	56.97	91	
29	56.97	91	
3	56.97	91	
26	8.95	14	
Node ID	CPU Usage (%)	Total number of transactions
28	45.60	73	
2	45.60	73	
23	45.60	73	
12	45.60	73	
17	45.60	73	
1	45.60	73	
47	59.24	95	
41	59.24	95	
25	59.24	95	
4	42.10	67	
44	25.00	40	
41	25.00	40	
32	25.00	40	
3	7.59	12	
4	21.39	34	
15	21.39	34	
4	4.10	7	
23	4.10	7	
46	4.10	7	
1	4.10	7	
17	17.90	29	
22	17.90	29	
17	17.90	29	
Node ID	CPU Usage (%)	Total number of transactions
28	19.07	31	
2	19.07	31	
23	19.07	31	
12	19.07	31	
17	19.07	31	
1	19.07	31	
47	1.71	3	
41	1.71	3	
25	1.71	3	
4	1.71	3	
44	29.41	47	
41	29.41	47	
32	29.41	47	
3	42.55	68	
4	42.55	68	
15	25.50	41	
4	25.50	41	
23	25.50	41	
46	8.14	13	
1	8.14	13	
17	8.14	13	
22	8.14	13	
17	52.96	85	
2	52.96	85	
17	52.96	85	
20	4.42	7	
33	4.42	7	
22	4.42	7	
8	4.42	7	
16	18.10	29	
41	18.10	29	
12	18.10	29	
30	18.10	29	
32	32.05	51	
15	32.05	51	
20	32.05	51	
25	32.05	51	
4	32.05	51	
4	32.05	51	
39	14.78	24	
6	14.78	24	
33	14.78	24	
21	14.78	24	
44	28.16	45	
29	28.16	45	
3	28.16	45	
26	41.88	67	
47	41.88	67	
30	41.88	67	
40	55.17	88	
42	55.17	88	
47	55.17	88	
45	38.21	61	
10	38.21	61	
8	38.21	61	
22	38.21	61	
4	38.21	61	
35	38.21	61	
34	38.21	61	
37	20.98	34	
44	20.98	34	
35	20.98	34	
17	3.41	5	
2	3.41	5	
36	3.41	5	
41	3.41	5	
49	48.47	78	
40	48.47	78	
31	48.47	78	
34	48.47	78	
26	48.47	78	
30	48.47	78	
35	30.79	49	
45	30.79	49	
3	30.79	49	
13	30.79	49	
3	30.79	49	
40	30.79	49	
23	30.79	49	
7	30.79	49	
29	30.79	49	
42	30.79	49	
22	30.79	49	
33	30.79	49	
29	30.79	49	
42	30.79	49	
23	13.97	22	
43	13.97	22	
25	13.97	22	
4	13.97	22	
28	13.97	22	
47	13.97	22	
20	13.97	22	
24	13.97	22	
18	13.97	22	
1	13.97	22	
37	13.97	22	
43	58.45	94	
29	58.45	94	
5	58.45	94	
20	41.25	66	
14	41.25	66	
18	41.25	66	
9	23.73	38	
12	23.73	38	
29	23.73	38	
11	23.73	38	
28	37.77	60	
42	51.42	82	
35	51.42	82	
44	51.42	82	
19	33.95	54	
2	33.95	54	
29	33.95	54	
49	33.95	54	
17	16.62	27	
14	16.62	27	
36	16.62	27	
43	16.62	27	
14	16.62	27	
39	16.62	27	
14	16.62	27	
17	30.75	49	
16	30.75	49	
36	30.75	49	
8	30.75	49	
3	44.06	70	
46	44.06	70	
5	44.06	70	
24	26.47	42	
26	26.47	42	
14	26.47	42	
38	9.58	15	
28	9.58	15	
23	9.58	15	
42	9.58	15	
Node ID	CPU Usage (%)	Total number of transactions
28	23.90	38	
2	23.90	38	
23	23.90	38	
12	23.90	38	
17	23.90	38	
1	6.39	10	
47	6.39	10	
41	6.39	10	
25	6.39	10	
4	19.96	32	
44	2.68	4	
41	2.68	4	
32	2.68	4	
3	16.77	27	
4	30.42	49	
15	30.42	49	
4	43.98	70	
23	43.98	70	
46	43.98	70	
1	43.98	70	
17	57.37	92	
22	57.37	92	
17	57.37	92	
2	9.22	15	
17	9.22	15	
20	9.22	15	
33	9.22	15	
22	9.22	15	
8	9.22	15	
16	23.16	37	
41	23.16	37	
12	5.75	9	
30	5.75	9	
32	5.75	9	
15	5.75	9	
20	50.33	81	
25	50.33	81	
4	50.33	81	
4	50.33	81	
39	50.33	81	
6	2.53	4	
33	2.53	4	
21	2.53	4	
44	2.53	4	
29	2.53	4	
3	2.53	4	
26	16.10	26	
47	16.10	26	
30	16.10	26	
40	43.17	69	
42	43.17	69	
47	43.17	69	
45	43.17	69	
10	43.17	69	
8	43.17	69	
22	43.17	69	
4	43.17	69	
35	25.89	41	
34	25.89	41	
37	25.89	41	
44	25.89	41	
35	25.89	41	
17	39.43	63	
2	39.43	63	
36	39.43	63	
41	22.23	36	
49	22.23	36	
40	22.23	36	
31	22.23	36	
34	22.23	36	
26	22.23	36	
30	36.03	58	
35	36.03	58	
45	36.03	58	
3	36.03	58	
13	36.03	58	
3	36.03	58	
40	36.03	58	
23	36.03	58	
7	36.03	58	
29	36.03	58	
42	49.39	79	
22	49.39	79	
33	49.39	79	
29	49.39	79	
42	49.39	79	
23	49.39	79	
43	49.39	79	
25	49.39	79	
4	49.39	79	
28	49.39	79	
47	49.39	79	
20	49.39	79	
24	49.39	79	
18	49.39	79	
1	1.49	2	
37	1.49	2	
43	1.49	2	
29	1.49	2	
5	1.49	2	
20	45.94	73	
14	45.94	73	
18	45.94	73	
9	59.53	95	
12	59.53	95	
29	59.53	95	
11	59.53	95	
28	11.18	18	
42	25.12	40	
35	8.04	13	
44	8.04	13	
19	8.04	13	
2	8.04	13	
29	21.56	34	
49	21.56	34	
17	21.56	34	
14	21.56	34	
36	21.56	34	
43	21.56	34	
14	21.56	34	
39	21.56	34	
14	21.56	34	
17	35.27	56	
16	35.27	56	
36	35.27	56	
8	35.27	56	
3	49.03	78	
46	49.03	78	
5	49.03	78	
24	31.23	50	
26	31.23	50	
14	14.74	24	
38	14.74	24	
28	14.74	24	
23	14.74	24	
42	28.07	45	
3	41.64	67	
1	41.64	67	
37	55.47	89	
49	55.47	89	
43	38.05	61	
37	38.05	61	
42	38.05	61	
49	38.05	61	
46	34.67	55	
28	34.67	55	
32	34.67	55	
10	34.67	55	
48	16.97	27	
13	16.97	27	
11	30.58	49	
10	30.58	49	
44	30.58	49	
37	30.58	49	
1	13.41	21	
37	27.15	43	
28	27.15	43	
7	27.15	43	
41	27.15	43	
29	27.15	43	
43	9.83	16	
33	9.83	16	
49	9.83	16	
6	54.54	87	
31	54.54	87	
21	54.54	87	
22	54.54	87	
4	54.54	87	
8	37.32	60	
41	19.90	32	
1	19.90	32	
44	2.34	4	
20	2.34	4	
38	2.34	4	
44	2.34	4	
37	2.34	4	
41	2.34	4	
26	16.29	26	
4	16.29	26	
35	16.29	26	
33	16.29	26	
15	29.82	48	
7	29.82	48	
46	29.82	48	
30	44.19	71	
36	26.74	43	
21	26.74	43	
46	26.74	43	
37	26.74	43	
5	26.74	43	
14	39.94	64	
24	22.99	37	
10	22.99	37	
41	36.30	58	
27	36.30	58	
13	36.30	58	
27	36.30	58	
47	36.30	58	
48	36.30	58	
15	19.28	31	
1	19.28	31	
14	19.28	31	
7	19.28	31	
33	19.28	31	
31	19.28	31	
39	1.89	3	
19	1.89	3	
2	1.89	3	
29	1.89	3	
28	46.26	74	
32	12.21	20	
47	12.21	20	
34	12.21	20	
42	25.47	41	
31	25.47	41	
11	25.47	41	
28	25.47	41	
2	25.47	41	
25	25.47	41	
4	25.47	41	
38	25.47	41	
25	25.47	41	
7	25.47	41	
7	8.45	14	
29	8.45	14	
6	8.45	14	
37	8.45	14	
22	8.45	14	
18	8.45	14	
9	8.45	14	
22	4.73	8	
23	4.73	8	
47	4.73	8	
2	4.73	8	
13	4.73	8	
15	4.73	8	
8	49.20	79	
48	49.20	79	
4	49.20	79	
28	49.20	79	
15	49.20	79	
5	31.97	51	
31	31.97	51	
48	31.97	51	
6	31.97	51	
7	31.97	51	
25	31.97	51	
34	31.97	51	
8	31.97	51	
47	14.94	24	
18	14.94	24	
47	14.94	24	
35	28.30	45	
26	28.30	45	
44	28.30	45	
47	28.30	45	
10	24.93	40	
8	24.93	40	
13	38.55	62	
8	38.55	62	
46	38.55	62	
19	38.55	62	
8	38.55	62	
47	38.55	62	
11	52.29	84	
2	52.29	84	
17	52.29	84	
29	52.29	84	
49	34.57	55	
10	0.52	1	
45	0.52	1	
37	0.52	1	
35	0.52	1	
42	0.52	1	
41	14.23	23	
40	14.23	23	
47	14.23	23	
34	14.23	23	
26	14.23	23	
19	14.23	23	
29	58.28	93	
10	58.28	93	
26	58.28	93	
43	58.28	93	
25	10.41	17	
45	10.41	17	
1	10.41	17	
7	54.70	88	
7	54.70	88	
39	37.99	61	
1	37.99	61	
42	37.99	61	
42	37.99	61	
19	37.99	61	
13	37.99	61	
34	51.12	82	
6	51.12	82	
11	3.09	5	
7	3.09	5	
12	3.09	5	
3	3.09	5	
10	47.87	77	
26	47.87	77	
6	47.87	77	
44	30.56	49	
16	30.56	49	
48	30.56	49	
19	30.56	49	
31	12.90	21	
42	12.90	21	
37	12.90	21	
6	12.90	21	
31	12.90	21	
38	12.90	21	
32	26.77	43	
17	26.77	43	
11	26.77	43	
1	26.77	43	
7	26.77	43	
31	40.14	64	
6	40.14	64	
40	40.14	64	
42	53.99	86	
6	53.99	86	
37	36.99	59	
13	36.99	59	
20	36.99	59	
8	19.35	31	
30	19.35	31	
16	2.60	4	
4	2.60	4	
17	2.60	4	
21	2.60	4	
49	47.15	75	
10	47.15	75	
16	47.15	75	
40	47.15	75	
34	47.15	75	
37	47.15	75	
24	47.15	75	
8	47.15	75	
35	47.15	75	
17	60.89	97	
48	60.89	97	
24	60.89	97	
31	60.89	97	
18	12.19	20	
46	12.19	20	
38	12.19	20	
14	12.19	20	
44	12.19	20	
18	12.19	20	
37	12.19	20	
35	12.19	20	
30	26.02	42	
39	26.02	42	
23	26.02	42	
20	26.02	42	
43	26.02	42	
4	26.02	42	
48	39.71	64	
38	39.71	64	
42	39.71	64	
18	53.72	86	
31	53.72	86	
31	53.72	86	
25	36.24	58	
40	36.24	58	
2	36.24	58	
17	36.24	58	
1	50.26	80	
48	50.26	80	
4	1.28	2	
26	1.28	2	
25	1.28	2	
38	1.28	2	
17	1.28	2	
47	1.28	2	
20	1.28	2	
46	1.28	2	
34	1.28	2	
27	15.23	24	
48	15.23	24	
37	15.23	24	
22	15.23	24	
9	15.23	24	
39	28.64	46	
2	28.64	46	
37	28.64	46	
39	28.64	46	
Node ID	CPU Usage (%)	Total number of transactions
28	58.65	94	
2	58.65	94	
23	41.51	66	
12	41.51	66	
17	41.51	66	
1	41.51	66	
47	23.89	38	
41	23.89	38	
25	23.89	38	
4	23.89	38	
44	6.65	11	
41	51.15	82	
32	51.15	82	
3	34.21	55	
4	34.21	55	
15	47.85	77	
4	47.85	77	
23	47.85	77	
46	30.44	49	
1	30.44	49	
17	30.44	49	
22	30.44	49	
17	30.44	49	
2	13.20	21	
17	13.20	21	
20	13.20	21	
33	57.72	92	
22	57.72	92	
8	57.72	92	
16	57.72	92	
41	9.50	15	
12	9.50	15	
30	9.50	15	
32	23.31	37	
15	23.31	37	
20	23.31	37	
25	23.31	37	
4	23.31	37	
4	23.31	37	
39	36.50	58	
6	36.50	58	
33	36.50	58	
21	36.50	58	
44	50.24	80	
29	50.24	80	
3	50.24	80	
26	33.71	54	
47	33.71	54	
30	33.71	54	
40	15.78	25	
42	15.78	25	
47	15.78	25	
45	15.78	25	
10	29.75	48	
8	29.75	48	
22	29.75	48	
4	29.75	48	
35	29.75	48	
34	29.75	48	
37	29.75	48	
44	29.75	48	
35	43.27	69	
17	56.96	91	
2	56.96	91	
36	56.96	91	
41	56.96	91	
49	39.43	63	
40	39.43	63	
31	39.43	63	
34	39.43	63	
26	39.43	63	
30	39.43	63	
35	39.43	63	
45	22.40	36	
3	22.40	36	
13	22.40	36	
3	22.40	36	
40	22.40	36	
23	22.40	36	
7	22.40	36	
29	22.40	36	
42	22.40	36	
22	22.40	36	
33	22.40	36	
29	22.40	36	
42	22.40	36	
23	22.40	36	
43	22.40	36	
25	36.27	58	
4	36.27	58	
28	36.27	58	
47	36.27	58	
20	36.27	58	
24	36.27	58	
18	36.27	58	
1	36.27	58	
37	36.27	58	
43	49.80	80	
29	49.80	80	
5	49.80	80	
20	32.50	52	
14	32.50	52	
18	32.50	52	
9	15.55	25	
12	15.55	25	
29	15.55	25	
11	15.55	25	
28	59.65	95	
42	42.43	68	
35	42.43	68	
44	42.43	68	
19	55.92	89	
2	55.92	89	
29	55.92	89	
49	55.92	89	
17	7.58	12	
14	7.58	12	
36	7.58	12	
43	7.58	12	
14	7.58	12	
39	7.58	12	
14	7.58	12	
17	7.58	12	
16	7.58	12	
36	7.58	12	
8	7.58	12	
3	4.29	7	
46	4.29	7	
5	4.29	7	
24	4.29	7	
26	17.86	29	
14	17.86	29	
38	0.71	1	
28	0.71	1	
23	0.71	1	
42	0.71	1	
3	58.73	94	
1	58.73	94	
37	10.80	17	
49	10.80	17	
43	24.12	39	
37	24.12	39	
42	24.12	39	
49	24.12	39	
46	7.09	11	
28	51.85	83	
32	51.85	83	
10	51.85	83	
48	51.85	83	
13	34.64	55	
11	34.64	55	
10	16.76	27	
44	16.76	27	
37	16.76	27	
1	16.76	27	
37	30.71	49	
28	30.71	49	
7	30.71	49	
41	13.93	22	
29	13.93	22	
43	13.93	22	
33	58.09	93	
49	58.09	93	
6	58.09	93	
31	41.21	66	
21	41.21	66	
22	41.21	66	
4	41.21	66	
8	54.88	88	
41	54.88	88	
1	54.88	88	
44	54.88	88	
20	54.88	88	
38	54.88	88	
44	54.88	88	
37	54.88	88	
41	54.88	88	
26	54.88	88	
4	54.88	88	
35	54.88	88	
33	37.71	60	
15	37.71	60	
7	37.71	60	
46	37.71	60	
30	37.71	60	
36	37.71	60	
21	37.71	60	
46	37.71	60	
37	37.71	60	
5	37.71	60	
14	37.71	60	
24	37.71	60	
10	37.71	60	
41	37.71	60	
27	37.71	60	
13	37.71	60	
27	37.71	60	
47	37.71	60	
48	37.71	60	
15	37.71	60	
1	37.71	60	
14	37.71	60	
7	51.12	82	
33	51.12	82	
31	51.12	82	
39	51.12	82	
19	51.12	82	
2	51.12	82	
29	51.12	82	
28	51.12	82	
32	3.14	5	
47	3.14	5	
34	3.14	5	
42	3.14	5	
31	3.14	5	
11	3.14	5	
28	3.14	5	
2	3.14	5	
25	3.14	5	
4	47.12	75	
38	47.12	75	
25	47.12	75	
7	47.12	75	
7	47.12	75	
29	47.12	75	
6	47.12	75	
37	47.12	75	
22	47.12	75	
18	47.12	75	
9	47.12	75	
22	30.09	48	
23	30.09	48	
47	30.09	48	
2	30.09	48	
13	30.09	48	
15	30.09	48	
8	30.09	48	
48	30.09	48	
4	30.09	48	
28	30.09	48	
15	30.09	48	
5	30.09	48	
31	30.09	48	
48	30.09	48	
6	30.09	48	
7	30.09	48	
25	30.09	48	
34	30.09	48	
8	30.09	48	
47	12.81	21	
18	12.81	21	
47	12.81	21	
35	12.81	21	
26	12.81	21	
44	12.81	21	
47	12.81	21	
10	12.81	21	
8	12.81	21	
13	12.81	21	
8	12.81	21	
46	12.81	21	
19	12.81	21	
8	12.81	21	
47	12.81	21	
11	12.81	21	
2	12.81	21	
17	12.81	21	
29	12.81	21	
49	12.81	21	
10	57.34	92	
45	57.34	92	
37	57.34	92	
35	57.34	92	
42	57.34	92	
41	57.34	92	
40	57.34	92	
47	57.34	92	
34	57.34	92	
26	57.34	92	
19	57.34	92	
29	57.34	92	
10	57.34	92	
26	57.34	92	
43	57.34	92	
25	57.34	92	
45	57.34	92	
1	57.34	92	
7	57.34	92	
7	57.34	92	
39	57.34	92	
1	57.34	92	
42	57.34	92	
42	57.34	92	
19	57.34	92	
13	57.34	92	
34	57.34	92	
6	9.08	15	
11	9.08	15	
7	22.89	37	
12	5.69	9	
3	5.69	9	
10	19.04	30	
26	19.04	30	
6	19.04	30	
44	1.78	3	
16	1.78	3	
48	1.78	3	
19	46.69	75	
31	29.14	47	
42	29.14	47	
37	29.14	47	
6	29.14	47	
31	29.14	47	
38	43.23	69	
32	43.23	69	
17	43.23	69	
11	25.87	41	
1	25.87	41	
7	39.10	63	
31	39.10	63	
6	22.20	36	
40	22.20	36	
42	35.91	57	
6	18.39	29	
37	31.93	51	
13	31.93	51	
20	15.33	25	
8	15.33	25	
30	59.39	95	
16	42.34	68	
4	42.34	68	
17	42.34	68	
21	42.34	68	
49	25.03	40	
10	25.03	40	
Node ID	CPU Usage (%)	Total number of transactions
28	10.76	17	
2	10.76	17	
23	10.76	17	
12	10.76	17	
17	10.76	17	
1	24.36	39	
47	38.52	62	
41	38.52	62	
25	38.52	62	
4	52.23	84	
44	17.19	28	
41	17.19	28	
32	0.41	1	
3	13.72	22	
4	58.40	93	
15	10.14	16	
4	55.17	88	
23	55.17	88	
46	6.90	11	
1	6.90	11	
17	6.90	11	
22	6.90	11	
17	50.99	82	
2	3.15	5	
17	3.15	5	
20	16.39	26	
33	16.39	26	
22	16.39	26	
8	16.39	26	
16	61.43	98	
41	12.94	21	
12	12.94	21	
30	12.94	21	
32	57.43	92	
15	9.40	15	
20	9.40	15	
25	9.40	15	
4	9.40	15	
4	9.40	15	
39	54.30	87	
6	36.72	59	
33	36.72	59	
21	36.72	59	
44	19.52	31	
29	19.52	31	
3	19.52	31	
26	33.12	53	
47	33.12	53	
30	33.12	53	
40	12.32	20	
42	12.32	20	
47	12.32	20	
45	12.32	20	
10	56.88	91	
8	56.88	91	
22	56.88	91	
4	56.88	91	
35	8.55	14	
34	8.55	14	
37	8.55	14	
44	8.55	14	
35	8.55	14	
17	4.70	8	
2	4.70	8	
36	4.70	8	
41	18.71	30	
49	1.06	2	
40	1.06	2	
31	1.06	2	
34	1.06	2	
26	1.06	2	
30	15.24	24	
35	15.24	24	
45	15.24	24	
3	59.37	95	
13	59.37	95	
3	59.37	95	
40	59.37	95	
23	59.37	95	
7	59.37	95	
29	59.37	95	
42	59.37	95	
22	59.37	95	
33	59.37	95	
29	59.37	95	
42	59.37	95	
23	59.37	95	
43	59.37	95	
25	59.37	95	
4	59.37	95	
28	59.37	95	
47	59.37	95	
20	59.37	95	
24	42.84	69	
18	42.84	69	
1	42.84	69	
37	42.84	69	
43	25.06	40	
29	25.06	40	
5	25.06	40	
20	7.64	12	
14	7.64	12	
18	21.50	34	
9	4.38	7	
12	4.38	7	
29	4.38	7	
11	4.38	7	
28	31.83	51	
42	58.87	94	
35	41.85	67	
44	41.85	67	
19	41.85	67	
2	41.85	67	
29	7.09	11	
49	7.09	11	
17	7.09	11	
14	7.09	11	
36	7.09	11	
43	7.09	11	
14	7.09	11	
39	7.09	11	
14	7.09	11	
17	20.50	33	
16	20.50	33	
36	20.50	33	
8	20.50	33	
3	17.07	27	
46	17.07	27	
5	17.07	27	
24	30.71	49	
26	44.53	71	
14	57.99	93	
38	57.99	93	
28	57.99	93	
23	57.99	93	
42	40.67	65	
3	50.75	81	
1	50.75	81	
37	3.13	5	
49	16.07	26	
43	30.03	48	
37	30.03	48	
42	12.68	20	
49	12.68	20	
46	39.79	64	
28	53.40	85	
32	53.40	85	
10	53.40	85	
48	5.74	9	
13	5.74	9	
