Source_ID Destination_ID Delay  Error  Rate   Group
     1          7     0.01       0    1e6     1
     1          23     0.01       0    1e6     1
     10          19     0.01       0    1e6     2
     10          8     0.01       0    1e6     2
     10          34     0.01       0    1e6     2
     11          14     0.01       0    1e6     3
     11          19     0.01       0    1e6     3
     12          53     0.01       0    1e6     4
     12          27     0.01       0    1e6     4
     13          44     0.01       0    1e6     5
     14          4     0.01       0    1e6     6
     14          11     0.01       0    1e6     6
     15          5     0.01       0    1e6     7
     15          2     0.01       0    1e6     7
     16          48     0.01       0    1e6     8
     16          20     0.01       0    1e6     8
     16          56     0.01       0    1e6     8
     17          33     0.01       0    1e6     9
     17          3     0.01       0    1e6     9
     18          34     0.01       0    1e6     10
     18          53     0.01       0    1e6     10
     18          28     0.01       0    1e6     10
     18          48     0.01       0    1e6     10
     19          11     0.01       0    1e6     11
     19          10     0.01       0    1e6     11
     2          15     0.01       0    1e6     12
     2          23     0.01       0    1e6     12
     20          48     0.01       0    1e6     13
     20          16     0.01       0    1e6     13
     20          55     0.01       0    1e6     13
     20          8     0.01       0    1e6     13
     21          38     0.01       0    1e6     14
     21          42     0.01       0    1e6     14
     22          31     0.01       0    1e6     15
     22          4     0.01       0    1e6     15
     23          1     0.01       0    1e6     16
     23          2     0.01       0    1e6     16
     25          53     0.01       0    1e6     17
     25          29     0.01       0    1e6     17
     26          52     0.01       0    1e6     18
     26          54     0.01       0    1e6     18
     26          51     0.01       0    1e6     18
     27          12     0.01       0    1e6     19
     27          47     0.01       0    1e6     19
     28          18     0.01       0    1e6     20
     29          30     0.01       0    1e6     21
     29          37     0.01       0    1e6     21
     29          34     0.01       0    1e6     21
     29          25     0.01       0    1e6     21
     3          17     0.01       0    1e6     22
     3          46     0.01       0    1e6     22
     30          9     0.01       0    1e6     23
     30          29     0.01       0    1e6     23
     31          35     0.01       0    1e6     24
     31          22     0.01       0    1e6     24
     31          53     0.01       0    1e6     24
     32          52     0.01       0    1e6     25
     32          6     0.01       0    1e6     25
     32          9     0.01       0    1e6     25
     33          43     0.01       0    1e6     26
     33          17     0.01       0    1e6     26
     34          29     0.01       0    1e6     27
     34          10     0.01       0    1e6     27
     34          44     0.01       0    1e6     27
     34          18     0.01       0    1e6     27
     35          24     0.01       0    1e6     28
     35          40     0.01       0    1e6     28
     35          31     0.01       0    1e6     28
     36          6     0.01       0    1e6     29
     36          54     0.01       0    1e6     29
     37          6     0.01       0    1e6     30
     37          39     0.01       0    1e6     30
     37          29     0.01       0    1e6     30
     38          56     0.01       0    1e6     31
     38          21     0.01       0    1e6     31
     39          8     0.01       0    1e6     32
     39          37     0.01       0    1e6     32
     4          50     0.01       0    1e6     33
     4          22     0.01       0    1e6     33
     4          14     0.01       0    1e6     33
     41          5     0.01       0    1e6     34
     41          45     0.01       0    1e6     34
     42          45     0.01       0    1e6     35
     42          5     0.01       0    1e6     35
     42          7     0.01       0    1e6     35
     42          49     0.01       0    1e6     35
     42          21     0.01       0    1e6     35
     43          52     0.01       0    1e6     36
     43          33     0.01       0    1e6     36
     44          34     0.01       0    1e6     37
     44          13     0.01       0    1e6     37
     45          49     0.01       0    1e6     38
     45          41     0.01       0    1e6     38
     45          42     0.01       0    1e6     38
     45          50     0.01       0    1e6     38
     46          3     0.01       0    1e6     39
     46          49     0.01       0    1e6     39
     47          27     0.01       0    1e6     40
     48          18     0.01       0    1e6     41
     48          16     0.01       0    1e6     41
     48          20     0.01       0    1e6     41
     49          42     0.01       0    1e6     42
     49          45     0.01       0    1e6     42
     49          46     0.01       0    1e6     42
     5          15     0.01       0    1e6     43
     5          41     0.01       0    1e6     43
     5          42     0.01       0    1e6     43
     50          45     0.01       0    1e6     44
     50          4     0.01       0    1e6     44
     51          26     0.01       0    1e6     45
     51          54     0.01       0    1e6     45
     52          43     0.01       0    1e6     46
     52          32     0.01       0    1e6     46
     52          26     0.01       0    1e6     46
     53          18     0.01       0    1e6     47
     53          31     0.01       0    1e6     47
     53          25     0.01       0    1e6     47
     53          12     0.01       0    1e6     47
     54          51     0.01       0    1e6     48
     54          26     0.01       0    1e6     48
     54          36     0.01       0    1e6     48
     55          20     0.01       0    1e6     49
     56          16     0.01       0    1e6     50
     56          38     0.01       0    1e6     50
     6          37     0.01       0    1e6     51
     6          32     0.01       0    1e6     51
     6          36     0.01       0    1e6     51
     7          1     0.01       0    1e6     52
     7          42     0.01       0    1e6     52
     8          20     0.01       0    1e6     53
     8          10     0.01       0    1e6     53
     8          9     0.01       0    1e6     53
     8          39     0.01       0    1e6     53
     9          32     0.01       0    1e6     54
     9          8     0.01       0    1e6     54
     9          30     0.01       0    1e6     54
