Source_ID Destination_ID Rating Votes
    6           28        -43     1
   11            2         55     1
   47           23         52     1
   47           12         46     1
   20           17          7     1
   17            1         89     1
   43           47         53     1
    6           41         48     1
    6           25         19     1
   41            4         69     1
   37           44        -75     1
   56           41         -6     1
   47           32        -16     1
   39            3        -61     1
   21            4        -17     1
   17           15        -42     1
   51            4         98     1
   53           23        -26     1
   33           46        -94     1
   17            1         89     1
   24           17        -62     1
   34           22         11     1
   20           17          7     1
   11            2         55     1
   32           17        -43     1
   12           20         22     1
   51           33         63     1
    7           22        -23     1
   26            8         -5     1
   55           16        -34     1
   39           41        -58     1
    5           12         92     1
   35           30         48     1
   50           32         43     1
   17           15        -42     1
   12           20         22     1
   40           25        -87     1
   39            4         -8     1
   16            4        -64     1
   24           39        -23     1
    3            6         96     1
    1           33         92     1
   37           21         -3     1
   16           44         87     1
    9           29        -74     1
   23            3        100     1
   18           26        -43     1
    9           47        -78     1
   53           30         41     1
   25           40        -69     1
   28           42        -96     1
   43           47        -31     1
   12           45         25     1
   26           10        -26     1
   46            8         84     1
    4           22         67     1
   16            4        -64     1
   16           35        -37     1
    6           34         81     1
   43           37        -22     1
   16           44         87     1
   40           35         42     1
   55           17         -2     1
   56            2          3     1
   31           36        -18     1
   42           41        -60     1
   27           49        -14     1
   31           40        -58     1
    4           31         44     1
   54           34         -6     1
   18           26        -43     1
   29           30        -93     1
   16           35        -37     1
   12           45         25     1
    6            3        -51     1
   26           13         11     1
   56            3         22     1
   22           40         63     1
   35           23         49     1
    3            7         -3     1
   42           29        -96     1
   22           42        -38     1
   51           22         38     1
   53           33         -8     1
    9           29         28     1
    5           42         83     1
   29           23        -72     1
   37           43         89     1
   21           25        -89     1
   27            4        -41     1
   37           28        -66     1
    6           47         45     1
    6           20         16     1
   41           24        -74     1
   13           18         39     1
   32            1        -29     1
   56           37        -17     1
   28           43        -79     1
    7           29         34     1
   34            5         49     1
   34           20        -15     1
   15           14        -71     1
   13           18         39     1
   50            9        -81     1
    5           12         32     1
   16           29         50     1
    8           11        -63     1
   45           28         64     1
   32           42          2     1
    6           35        -32     1
   23           44         72     1
   56           19          1     1
   10            2        -46     1
   16           29         50     1
   28           49          9     1
    2           17          1     1
   15           14        -71     1
    8           36         30     1
   50           43        -68     1
   31           14          4     1
   27           39        -24     1
   20           14        -66     1
   32           17         71     1
   50           16         71     1
    6           36        -68     1
   54            8        -77     1
   14            3         11     1
   35           46          0     1
   10            5        -46     1
   48           24          3     1
   34           26          5     1
   20           14        -66     1
   53           38          3     1
   17           28         61     1
    8           23         13     1
   15           42         11     1
   14            3         11     1
   55            1         31     1
   45           37         98     1
   42           49         13     1
   18           43         78     1
   54           37         95     1
   15           42         11     1
   16           49         99     1
   55           46         19     1
    4           28         86     1
   42           32          5     1
   18           10        -95     1
   33           48         17     1
   47           13         37     1
