# Geniş dağılımLı birbirine bağlı kümeler olarak düzenlendi 
# src  dest   delay    error datarate
1      7     0.01     0     1e6
2     15     0.01     0     1e6
2     23     0.01     0     1e6
3     17     0.01     0     1e6
4     50     0.01     0     1e6
5     21     0.01     0     1e6
6     37     0.01     0     1e6
6     32     0.01     0     1e6
7      1     0.01     0     1e6
7     42     0.01     0     1e6
8     20     0.01     0     1e6
9     32     0.01     0     1e6
9      8     0.01     0     1e6
10    19     0.01     0     1e6
10     8     0.01     0     1e6
10    34     0.01     0     1e6
11    14     0.01     0     1e6
12    53     0.01     0     1e6
13    44     0.01     0     1e6
14     4     0.01     0     1e6
15     5     0.01     0     1e6
16    48     0.01     0     1e6
16    20     0.01     0     1e6
17    33     0.01     0     1e6
18    34     0.01     0     1e6
19    11     0.01     0     1e6
20    48     0.01     0     1e6
21    38     0.01     0     1e6
22    31     0.01     0     1e6
22     4     0.01     0     1e6
23     1     0.01     0     1e6
#24    40     0.01     0     1e6
25    53     0.01     0     1e6
26    52     0.01     0     1e6
27    12     0.01     0     1e6
28    18     0.01     0     1e6
29    30     0.01     0     1e6
30     9     0.01     0     1e6
31    35     0.01     0     1e6
32    52     0.01     0     1e6
33    43     0.01     0     1e6
34    29     0.01     0     1e6
35    24     0.01     0     1e6
35    40     0.01     0     1e6
36     6     0.01     0     1e6
36    54     0.01     0     1e6
37    25     0.01     0     1e6
37    39     0.01     0     1e6
38    56     0.01     0     1e6
39     8     0.01     0     1e6
#40   30     0.01     0     1e6
41     5     0.01     0     1e6
41    45     0.01     0     1e6
42    45     0.01     0     1e6
43    52     0.01     0     1e6
44    34     0.01     0     1e6
45    49     0.01     0     1e6
46     3     0.01     0     1e6
46    49     0.01     0     1e6
47    27     0.01     0     1e6
48    18     0.01     0     1e6
49    42     0.01     0     1e6
50    45     0.01     0     1e6
51    26     0.01     0     1e6
52    43     0.01     0     1e6
53    18     0.01     0     1e6
53    31     0.01     0     1e6
54    51     0.01     0     1e6
54    26     0.01     0     1e6
55    20     0.01     0     1e6
56    16     0.01     0     1e6

