# Dar dağılımLı birbirine bağlı kümeler olarak düzenlendi 
# src  dest   delay    error datarate
56     55     0.01     0     1e6
54     56     0.01     0     1e6
 3     17     0.01     0     1e6
14     28     0.01     0     1e6
17     26     0.01     0     1e6
33     25     0.01     0     1e6
 7     48     0.01     0     1e6
49     39     0.01     0     1e6
20     53     0.01     0     1e6
40     29     0.01     0     1e6
 9     11     0.01     0     1e6
 4     41     0.01     0     1e6
45     14     0.01     0     1e6
28     44     0.01     0     1e6
17     33     0.01     0     1e6
48     37     0.01     0     1e6
18     34     0.01     0     1e6
 9     32     0.01     0     1e6
11     39     0.01     0     1e6
44     25     0.01     0     1e6
 7     35     0.01     0     1e6
21     38     0.01     0     1e6
 4      7     0.01     0     1e6
46      3     0.01     0     1e6
47      2     0.01     0     1e6
50      9     0.01     0     1e6
 6     49     0.01     0     1e6
36     43     0.01     0     1e6
37     51     0.01     0     1e6
15      1     0.01     0     1e6
19     10     0.01     0     1e6
31     13     0.01     0     1e6
15     29     0.01     0     1e6
13     26     0.01     0     1e6
23     18     0.01     0     1e6
50     23     0.01     0     1e6
25     51     0.01     0     1e6
 6      4     0.01     0     1e6
 8     37     0.01     0     1e6
33     43     0.01     0     1e6
48     49     0.01     0     1e6
31      7     0.01     0     1e6
29     14     0.01     0     1e6
27     22     0.01     0     1e6
26     34     0.01     0     1e6
22     46     0.01     0     1e6
35     31     0.01     0     1e6
 5     42     0.01     0     1e6
23      1     0.01     0     1e6
35     32     0.01     0     1e6
12     24     0.01     0     1e6
20     16     0.01     0     1e6
16     50     0.01     0     1e6
27     12     0.01     0     1e6
30     47     0.01     0     1e6
41      6     0.01     0     1e6
24     40     0.01     0     1e6
38      5     0.01     0     1e6
49     45     0.01     0     1e6
32     52     0.01     0     1e6
42      3     0.01     0     1e6
47     27     0.01     0     1e6
 8     20     0.01     0     1e6
19     11     0.01     0     1e6
40     30     0.01     0     1e6
45     36     0.01     0     1e6
39      8     0.01     0     1e6
10     19     0.01     0     1e6
30     21     0.01     0     1e6
 2     48     0.01     0     1e6
 1     19     0.01     0     1e6
42     46     0.01     0     1e6
38     35     0.01     0     1e6
 1     43     0.01     0     1e6
 2     44     0.01     0     1e6
 3     45     0.01     0     1e6
 4     47     0.01     0     1e6
 5     48     0.01     0     1e6
 6     50     0.01     0     1e6
 7     51     0.01     0     1e6
 8     52     0.01     0     1e6
 9     53     0.01     0     1e6
10     54     0.01     0     1e6
11     55     0.01     0     1e6

